# Created by Octave 3.8.1, Tue Jun 06 04:42:10 2017 CEST <wohlrath@yumyumpc>
# name: s
# type: matrix
# rows: 2000
# columns: 3
 0.001 10000 10000
 0.002 9987.951205937114 9976.804120084575
 0.003 9979.777946121329 9961.39982497942
 0.004 9969.244368454809 9941.300627293085
 0.005 9959.498780154518 9922.770841401873
 0.006 9949.412651820017 9903.5288635707
 0.007 9939.951625705415 9885.601937835712
 0.008 9929.389057216113 9865.489648923794
 0.009000000000000001 9918.412733859977 9844.552709324189
 0.01 9907.051832186298 9822.971925196896
 0.011 9896.006081264093 9801.941711911913
 0.012 9885.437105167315 9781.907525908669
 0.013 9875.31902158073 9762.747738124575
 0.014 9865.994046997541 9745.224325900108
 0.015 9856.329026242729 9727.078900380056
 0.016 9844.085461716848 9703.85484989348
 0.017 9834.438041251076 9685.843927139251
 0.018 9825.326256328601 9668.795417383875
 0.019 9813.746275014439 9646.994095371399
 0.02 9803.967356702771 9628.592827392966
 0.021 9794.267991872501 9610.370219133001
 0.022 9783.039943605325 9589.337352600365
 0.023 9773.158634637697 9570.901427631703
 0.024 9762.70988966561 9551.474845457413
 0.025 9753.162545329082 9533.572417326579
 0.026 9742.041451620935 9512.669595654264
 0.027 9731.503356077135 9493.104783231667
 0.028 9723.209507798121 9477.861877743899
 0.029 9712.324704589593 9457.603068448399
 0.03 9703.315087283701 9441.178172077103
 0.031 9693.538289674663 9422.952320711704
 0.032 9683.85317678436 9405.033932111253
 0.033 9674.495583399223 9387.893073167625
 0.034 9663.856387958469 9367.987192867757
 0.035 9654.866272411526 9351.406995073721
 0.036 9645.224987909518 9333.326357346106
 0.037 9632.662831658437 9309.923019456601
 0.038 9621.828769767822 9289.943222717124
 0.039 9612.147338018118 9272.090737675713
 0.04 9601.999689994449 9253.33235928626
 0.041 9593.080617404043 9237.072113863493
 0.042 9584.713462053534 9221.721941548263
 0.043 9574.001135756034 9202.003418312654
 0.044 9564.364061494203 9184.197402006903
 0.045 9553.321680664882 9164.010167133814
 0.046 9543.485370827 9146.008288409806
 0.047 9534.749765913284 9130.151005421751
 0.048 9525.223557635527 9112.571216132996
 0.049 9514.144899729874 9092.444309671668
 0.05 9504.117805266604 9074.351421252795
 0.051 9493.870124071665 9055.621891615365
 0.052 9484.444848277688 9038.519053041757
 0.053 9473.463783475898 9018.519957038907
 0.054 9465.657314059399 9004.650987800973
 0.055 9456.336944687042 8987.889803832362
 0.056 9447.044690845905 8971.356082391158
 0.057 9435.251489810784 8949.827824226051
 0.058 9425.151871226437 8931.708020841639
 0.059 9415.491664639552 8914.259238240207
 0.06 9407.612933996626 8900.066360401728
 0.061 9399.285437303477 8885.154098912206
 0.062 9391.279434956663 8871.023927606759
 0.063 9380.82309916641 8852.115679361386
 0.064 9371.199298231932 8834.846429884476
 0.065 9361.688292872366 8817.669583986686
 0.066 9353.469798586226 8802.92791147296
 0.067 9343.913611860677 8785.725315073234
 0.068 9335.425879508111 8770.601321985956
 0.06900000000000001 9325.834514689925 8753.790704334315
 0.07000000000000001 9315.592245790776 8735.246097564519
 0.07100000000000001 9306.482336118117 8719.193436400108
 0.07200000000000001 9297.173179525897 8702.573230263586
 0.073 9288.644996886671 8687.508535157736
 0.074 9279.004676087656 8670.626649440175
 0.075 9268.808477274466 8652.569029177346
 0.076 9260.643417283118 8638.451891896015
 0.077 9250.758069672163 8620.762937298117
 0.078 9240.70941514229 8602.793614926113
 0.079 9229.083676380946 8582.293072134624
 0.08 9219.845467906685 8566.225918115002
 0.081 9210.493463335544 8549.810234790395
 0.082 9200.469678971438 8532.360604888176
 0.083 9190.093110252259 8514.203513701659
 0.08400000000000001 9181.337323682292 8498.681237877758
 0.08500000000000001 9172.833906068803 8483.581483283273
 0.08600000000000001 9162.905840298517 8465.861240784412
 0.08700000000000001 9153.442987530883 8449.408915549126
 0.08799999999999999 9144.054514959706 8433.031698656789
 0.089 9134.917103298045 8416.982859313128
 0.09 9125.461276802494 8400.304233737605
 0.091 9115.852829433616 8383.252041516855
 0.092 9108.112034189269 8370.007998463268
 0.093 9099.622399137786 8355.00087552291
 0.094 9091.714546146241 8341.179475298643
 0.095 9082.765377083155 8325.310355997326
 0.096 9073.201043052508 8308.278116976009
 0.097 9065.626655908321 8295.091286028721
 0.098 9057.770248377028 8281.681145483115
 0.099 9049.091467919949 8266.809251383218
 0.1 9040.105536274878 8251.248796061051
 0.101 9029.992341004288 8233.629762949398
 0.102 9020.603096972278 8217.199645902076
 0.103 9010.80403298857 8200.164648507383
 0.104 9000.45834192726 8182.097984165924
 0.105 8990.601606516908 8165.073179175604
 0.106 8981.866112499731 8150.013858243641
 0.107 8973.27078133276 8135.451691040069
 0.108 8963.872921219547 8119.25714348336
 0.109 8954.581901074745 8102.951453692033
 0.11 8944.214917768806 8084.867064765822
 0.111 8935.766590279698 8070.735024387602
 0.112 8925.991211238847 8054.081105824144
 0.113 8917.862336039461 8040.603378363885
 0.114 8909.273105470096 8025.892609593419
 0.115 8898.75046494438 8007.653240540488
 0.116 8889.692567445873 7992.373959653439
 0.117 8880.637091232837 7976.951719534881
 0.118 8871.156540503453 7960.740456294845
 0.119 8861.298042154174 7944.402456744541
 0.12 8851.646116423914 7927.87654200522
 0.121 8841.865622135785 7911.486539749513
 0.122 8833.673535882079 7897.660742477767
 0.123 8824.646290079882 7882.743524225129
 0.124 8817.741413345806 7870.951878849464
 0.125 8810.121703694695 7858.356297853989
 0.126 8801.351405624171 7843.649203836036
 0.127 8791.695802413495 7827.264891850297
 0.128 8783.609029973619 7813.663805108747
 0.129 8776.254025348306 7801.494920734128
 0.13 8767.542230622465 7786.717400828463
 0.131 8760.191254244202 7774.326656180942
 0.132 8750.523459837927 7758.139087941141
 0.133 8740.431322328366 7741.191106370959
 0.134 8731.550568506889 7726.434955013605
 0.135 8723.516500911399 7713.453540727328
 0.136 8713.820565471335 7697.359395552905
 0.137 8703.182689917927 7679.376265419284
 0.138 8695.934858018491 7667.385675835334
 0.139 8686.968578864726 7652.23402465585
 0.14 8677.847419931328 7637.17890000914
 0.141 8670.282765510117 7624.842910849862
 0.142 8662.372359732943 7611.349732057097
 0.143 8655.089395155801 7599.1465793948
 0.144 8645.2283346574 7582.710588337364
 0.145 8636.181235070271 7567.429464189068
 0.146 8627.716460131835 7553.556143447817
 0.147 8619.769975854995 7540.581224557453
 0.148 8611.84568322433 7527.60313517515
 0.149 8603.663385344404 7513.902853713224
 0.15 8594.945804797888 7499.610907489877
 0.151 8586.766656315445 7486.224220299758
 0.152 8578.36031830966 7472.515114456784
 0.153 8569.99255587808 7458.887684575828
 0.154 8560.783016740314 7443.343097624712
 0.155 8551.956283429559 7428.660241204116
 0.156 8543.101991073589 7414.369944590107
 0.157 8534.136812792844 7399.998924095229
 0.158 8526.708202932678 7388.180732817683
 0.159 8518.758334269995 7375.331621531024
 0.16 8510.909380968011 7362.60319193392
 0.161 8500.897855519486 7346.01172921405
 0.162 8491.286597791786 7330.360088886578
 0.163 8481.281627376477 7313.621038956288
 0.164 8473.969969749123 7302.100486640304
 0.165 8463.842268260076 7285.553072520909
 0.166 8454.784183889726 7271.299133496909
 0.167 8445.505786699221 7256.163594764669
 0.168 8438.109368966709 7244.045804569236
 0.169 8428.278168627992 7228.352704691137
 0.17 8419.623162956097 7214.635891768953
 0.171 8411.584147782538 7202.029701096035
 0.172 8405.042654705649 7191.73968992337
 0.173 8396.129821464177 7177.64906471606
 0.174 8387.60113801363 7164.186190217062
 0.175 8380.321598885834 7152.763567995787
 0.176 8372.125014011728 7140.151127455569
 0.177 8361.872800771545 7123.161099311682
 0.178 8353.920073263807 7110.661177616475
 0.179 8346.57580722115 7098.886471633174
 0.18 8337.762223356725 7084.622850569501
 0.181 8329.73003714985 7071.461856253886
 0.182 8321.946120517556 7059.047918864172
 0.183 8312.787863016461 7044.343302659981
 0.184 8305.474407545737 7032.651655426602
 0.185 8296.826021735111 7019.539532441511
 0.186 8288.542075678304 7006.753548000989
 0.187 8282.738066022825 6998.106853936995
 0.188 8274.247194075546 6984.53221665995
 0.189 8266.506174259963 6972.097666902436
 0.19 8257.102068397975 6957.648334005296
 0.191 8248.484231069331 6944.050209896533
 0.192 8240.131356025699 6930.574108533201
 0.193 8232.248465650369 6918.027365478931
 0.194 8224.017724123125 6905.070657091575
 0.195 8216.010195702604 6892.546314619909
 0.196 8207.275135734099 6878.230466235554
 0.197 8199.413187235554 6866.238532914588
 0.198 8189.416925611814 6850.570201087453
 0.199 8182.444074356243 6839.571736257919
 0.2 8172.841071625327 6824.419647130848
 0.201 8165.252755426372 6812.940036663666
 0.202 8155.673202351997 6798.019192001677
 0.203 8146.54986910858 6783.604272369855
 0.204 8138.139021481142 6770.639032498556
 0.205 8129.283390612813 6756.912992862528
 0.206 8120.319203890264 6743.093152625384
 0.207 8111.989689186596 6730.044307663678
 0.208 8102.368738266967 6715.063092274077
 0.209 8093.20516387016 6700.887318457625
 0.21 8085.716534162019 6689.473004904457
 0.211 8077.678096265743 6677.110963881039
 0.212 8071.106707978328 6666.693465394143
 0.213 8064.214877477765 6656.077244719881
 0.214 8056.188724159902 6644.006477954073
 0.215 8048.588414917863 6632.341077048344
 0.216 8040.643112286701 6620.334875383612
 0.217 8032.935614091242 6608.574464367071
 0.218 8025.143281380249 6596.513341950634
 0.219 8018.108819769532 6585.462348144009
 0.22 8010.877581009286 6574.358859950838
 0.221 8002.526771346031 6561.870125496729
 0.222 7994.718100451019 6549.90402939887
 0.223 7987.235626458169 6538.690380690334
 0.224 7980.397297311223 6528.32783940676
 0.225 7971.69661533083 6514.798617335858
 0.226 7963.464746937312 6502.048893662197
 0.227 7955.269638014886 6489.256532785919
 0.228 7946.185054847349 6475.480279007222
 0.229 7939.674805252006 6465.687979067578
 0.23 7929.882676528427 6450.648307247218
 0.231 7920.362752479467 6435.845815110359
 0.232 7911.685785346224 6422.672625161621
 0.233 7904.06363460154 6410.652037544663
 0.234 7896.141464257958 6398.635619082634
 0.235 7890.047754812515 6389.821174281486
 0.236 7882.260247886275 6378.183859956349
 0.237 7874.879777981638 6367.222579695914
 0.238 7867.77742529772 6356.344135233347
 0.239 7861.220186665622 6346.619942558415
 0.24 7853.424195253726 6335.190218618379
 0.241 7846.195901771269 6324.387968334731
 0.242 7837.826604117332 6312.027469342122
 0.243 7830.274069650534 6300.579059872295
 0.244 7823.793960669414 6291.345395444871
 0.245 7815.60617140909 6279.115617491492
 0.246 7808.224542753876 6268.130835873289
 0.247 7800.302915523405 6256.130008433916
 0.248 7792.29198012576 6244.38973288999
 0.249 7785.123389677408 6233.630263669275
 0.25 7777.133596352595 6221.49739728411
 0.251 7769.574554860108 6210.247777873405
 0.252 7763.443490408645 6201.434931927977
 0.253 7757.468603867017 6192.74034719769
 0.254 7749.577283374303 6181.380319418417
 0.255 7741.62278192453 6169.481303665552
 0.256 7734.07936522915 6158.669662294272
 0.257 7726.91873542854 6148.545738336455
 0.258 7720.534703358822 6139.711568376193
 0.259 7713.213485773214 6128.631566129823
 0.26 7705.994035896107 6117.951528670344
 0.261 7699.63585877368 6108.513259462187
 0.262 7692.375070894587 6097.794124883748
 0.263 7686.493576808856 6089.415391265776
 0.264 7679.008193198733 6078.762123494169
 0.265 7669.482653895321 6064.587317815286
 0.266 7661.314277681258 6052.710933300668
 0.267 7654.231179782632 6041.937206751985
 0.268 7645.676018587053 6029.15907772663
 0.269 7637.903369453061 6018.085052806913
 0.27 7629.005645263366 6005.423605433928
 0.271 7619.514389998811 5991.41576314559
 0.272 7613.224798190835 5982.543103292984
 0.273 7606.669381488674 5972.856140935309
 0.274 7598.386433399516 5960.394568333842
 0.275 7590.845500848494 5949.819748250165
 0.276 7582.103391942528 5937.595935435633
 0.277 7574.533241361611 5926.870029932291
 0.278 7565.529331361952 5913.564661188219
 0.279 7556.910460818605 5901.588337128503
 0.28 7549.075336461553 5889.902621663337
 0.281 7542.171367274103 5879.725745256433
 0.282 7533.034279410627 5866.308631803056
 0.283 7525.063663568432 5855.10125595441
 0.284 7518.061425669222 5845.18906174256
 0.285 7510.520225322367 5834.279330473099
 0.286 7503.329015204579 5823.742578867578
 0.287 7495.477059681855 5812.164907782759
 0.288 7488.128445684591 5801.796653614032
 0.289 7481.905007439614 5793.425818147326
 0.29 7474.416550502749 5782.504116242039
 0.291 7467.353672230081 5771.940436329329
 0.292 7459.983572431679 5761.495709908036
 0.293 7453.707939841406 5752.313415616998
 0.294 7446.834581268873 5742.723613058887
 0.295 7439.13716484213 5731.249775348369
 0.296 7432.034789902088 5721.771157439513
 0.297 7425.092554040236 5712.065511383212
 0.298 7417.288932520846 5701.516621559125
 0.299 7410.096242322365 5691.26346644952
 0.3 7401.67065087288 5678.58300239809
 0.301 7393.588728423454 5667.092563337914
 0.302 7385.801563513741 5656.154488535056
 0.303 7377.390399160806 5644.453726395343
 0.304 7371.260658565878 5636.510981647902
 0.305 7363.621636316091 5625.52001629097
 0.306 7356.022057141897 5614.684848963725
 0.307 7348.637436301498 5604.343697858016
 0.308 7340.990416261572 5593.688742348598
 0.309 7332.204462394784 5580.991512951788
 0.31 7323.741147074552 5569.372340762875
 0.311 7316.743159696624 5559.414449523655
 0.312 7308.495941759838 5548.091863091282
 0.313 7300.939335286479 5537.766896422452
 0.314 7293.781288880935 5527.692304796515
 0.315 7285.350126156756 5515.91396343268
 0.316 7278.252019227116 5505.788842572801
 0.317 7268.601505051889 5492.481605431116
 0.318 7262.028423816531 5483.647743948496
 0.319 7254.882725238289 5473.804624154197
 0.32 7248.177422888566 5464.308617315328
 0.321 7240.571626998506 5453.533684722677
 0.322 7233.096532333573 5443.452838802787
 0.323 7225.535799762336 5433.359387750724
 0.324 7217.143026551114 5421.886473741347
 0.325 7208.899185958095 5410.282737277666
 0.326 7202.836276035528 5402.501179426621
 0.327 7195.805160484799 5392.446274013439
 0.328 7189.613793051164 5384.299664992556
 0.329 7181.695238921389 5373.791924062264
 0.33 7175.013830935396 5364.75613865817
 0.331 7168.208721137819 5355.653848840731
 0.332 7161.740063193169 5347.088535208999
 0.333 7156.769335165085 5340.18749580467
 0.334 7147.928481548818 5328.126418026247
 0.335 7140.928580673878 5318.775021956934
 0.336 7134.083500365223 5309.387708083624
 0.337 7125.221169193784 5297.370490034072
 0.338 7118.084738789767 5287.670703964002
 0.339 7112.423758727485 5280.143657596736
 0.34 7105.160121358576 5270.30437908651
 0.341 7096.662197662556 5258.897692483072
 0.342 7088.212882402107 5247.234200954027
 0.343 7081.665847067892 5237.997189435231
 0.344 7073.676775842168 5226.586777235579
 0.345 7067.545233615919 5218.461018097008
 0.346 7061.146338002211 5210.267728266393
 0.347 7053.8753070481 5200.433651193234
 0.348 7044.479601581779 5187.411485559505
 0.349 7037.895349280341 5178.889643630851
 0.35 7030.90851394947 5168.736486688029
 0.351 7024.77812259131 5160.749141894836
 0.352 7019.376896745855 5154.21942815628
 0.353 7013.792081120993 5146.715166673302
 0.354 7008.323044433807 5139.904083573881
 0.355 7002.097914060577 5131.67189673876
 0.356 6995.02766362861 5121.861123262436
 0.357 6988.37320043377 5112.477817972889
 0.358 6981.690505788262 5103.304893862239
 0.359 6974.93207469656 5094.391831945739
 0.36 6968.730520022543 5085.5327658418
 0.361 6962.13963733095 5077.077353013795
 0.362 6954.987089894134 5067.185153911209
 0.363 6947.910506948034 5057.904845688651
 0.364 6941.225314517465 5049.538180801394
 0.365 6934.699456817123 5041.369394856721
 0.366 6927.616686667659 5032.090227851286
 0.367 6919.751127363447 5021.413715857831
 0.368 6911.192280915112 5010.109417743312
 0.369 6905.29396395221 5002.010768699055
 0.37 6898.86267884372 4993.358630449439
 0.371 6890.709399933097 4982.966496617713
 0.372 6883.120763377555 4972.440530942564
 0.373 6875.504325333402 4962.6765666934
 0.374 6868.242808318234 4953.430377349371
 0.375 6860.185419270536 4943.057919067124
 0.376 6854.859562452876 4936.418667934552
 0.377 6847.780375914289 4927.370502604071
 0.378 6842.280236217044 4920.42507983519
 0.379 6834.094944370417 4910.196429824096
 0.38 6826.892158442443 4900.73166295085
 0.381 6818.671387317957 4889.640565077839
 0.382 6810.821279548633 4879.307459525286
 0.383 6804.151253909847 4870.757586490667
 0.384 6797.66720463314 4862.193138869529
 0.385 6791.248589024136 4853.869205038498
 0.386 6783.435347237762 4843.396779209497
 0.387 6776.780277201584 4835.285684966887
 0.388 6770.396369589306 4827.227461686371
 0.389 6763.814128982875 4818.571156142
 0.39 6757.840571567182 4811.081792322522
 0.391 6751.121699382933 4802.454735193821
 0.392 6744.422267269721 4793.89329040186
 0.393 6737.961104507796 4785.58193034655
 0.394 6731.53604539055 4777.625399575835
 0.395 6724.432807376634 4768.663704027606
 0.396 6718.499221486416 4760.955281795395
 0.397 6710.04999009505 4749.640028264532
 0.398 6703.335381287867 4741.015236995552
 0.399 6697.05736611289 4732.734896886766
 0.4 6691.622396465925 4725.763158331816
 0.401 6684.79033057252 4717.350163000491
 0.402 6678.386298856953 4708.821341153639
 0.403 6672.565450932545 4701.120073468878
 0.404 6666.06196448329 4693.27071867071
 0.405 6659.029077622271 4684.4293689517
 0.406 6653.518352387332 4677.505933982843
 0.407 6647.013173671713 4669.317816985801
 0.408 6640.619763355689 4661.75352082537
 0.409 6633.657095670763 4652.778591421845
 0.41 6625.49170560146 4642.218433287384
 0.411 6618.523257872672 4633.537803440777
 0.412 6613.421689465976 4626.651169342962
 0.413 6606.526778104172 4617.567064027109
 0.414 6600.27580772851 4609.287816237785
 0.415 6593.583049274123 4601.036812728899
 0.416 6586.436913190292 4591.612048566079
 0.417 6580.174764732523 4583.641760511256
 0.418 6572.887448083035 4575.003242859486
 0.419 6566.740879005341 4567.369299882612
 0.42 6559.702719185936 4558.331133027268
 0.421 6552.077221091428 4548.89162328306
 0.422 6546.27266517213 4541.554665240981
 0.423 6538.816627271171 4531.93356004083
 0.424 6531.408422689525 4522.750599348324
 0.425 6525.437864846434 4514.817460132833
 0.426 6518.387618455989 4506.041493046751
 0.427 6512.028540414122 4497.988877772267
 0.428 6504.711142503908 4488.690044609479
 0.429 6498.582433836983 4481.077260724406
 0.43 6493.001876767413 4474.21025486112
 0.431 6488.500691714135 4468.63486959287
 0.432 6481.439507079168 4459.808210444056
 0.433 6477.047775961055 4454.569288608874
 0.434 6470.236114175033 4445.563410088792
 0.435 6465.374366625734 4439.753850048431
 0.436 6457.775644196294 4430.271742761483
 0.437 6451.304668405599 4422.187054779728
 0.438 6445.887381350629 4415.586841797878
 0.439 6438.698489031889 4406.505462940464
 0.44 6432.413384824873 4399.185736627634
 0.441 6424.538987185512 4389.290445112703
 0.442 6415.87292039373 4378.348572374248
 0.443 6407.890186207712 4368.83754270711
 0.444 6401.806834299407 4361.836375918897
 0.445 6394.51203086066 4352.872751179439
 0.446 6387.624640333683 4344.301440542898
 0.447 6382.2749224256 4338.061529325197
 0.448 6374.908607259908 4329.278921711186
 0.449 6368.48234788899 4321.31711543356
 0.45 6361.999395465486 4312.84434243694
 0.451 6354.677520339093 4304.038651631407
 0.452 6348.649406354693 4296.735057796059
 0.453 6342.89183322177 4290.080360046241
 0.454 6336.787871414766 4282.49016075686
 0.455 6330.352678584481 4274.579850316978
 0.456 6323.877925038709 4267.022869968653
 0.457 6317.612169937904 4259.975720566211
 0.458 6310.952308360764 4252.591343176551
 0.459 6305.313866779429 4245.716385538155
 0.46 6299.642750006369 4238.692731726138
 0.461 6293.295912084172 4230.705620880278
 0.462 6286.785789264927 4222.589549491054
 0.463 6279.957508591803 4215.028225621254
 0.464 6272.822464110382 4207.018655503295
 0.465 6265.6396026508 4198.715582948045
 0.466 6259.243124692373 4190.724461023577
 0.467 6253.020323037895 4183.609224158009
 0.468 6245.84895410935 4175.012824199344
 0.469 6239.476552279015 4167.82813221892
 0.47 6232.150446643099 4159.080547791532
 0.471 6226.035624254693 4152.344854113105
 0.472 6219.718356223444 4145.355233577016
 0.473 6213.700247336474 4138.478633161816
 0.474 6207.017083657936 4130.429482761528
 0.475 6201.065479321152 4123.953888628691
 0.476 6193.871982926901 4115.577549884977
 0.477 6187.342743319444 4107.518858535265
 0.478 6181.131096114499 4100.285231519495
 0.479 6175.689552204054 4093.883253930926
 0.48 6167.849374589304 4084.516581727994
 0.481 6161.151963227161 4076.908186197269
 0.482 6152.88868091621 4067.502342237789
 0.483 6144.386658062838 4057.043968726329
 0.484 6137.571383808375 4048.827044031493
 0.485 6131.854658624173 4042.00412110414
 0.486 6127.421344770866 4036.576588053274
 0.487 6121.945070854372 4030.177099516085
 0.488 6114.442758482546 4021.026932863709
 0.489 6108.101804426504 4013.381287928057
 0.49 6101.188731923883 4005.084297986257
 0.491 6093.809282633963 3995.721798572799
 0.492 6087.006793308662 3987.878377318413
 0.493 6080.761670006774 3980.899927086075
 0.494 6072.882858476476 3971.849303617616
 0.495 6068.314003607449 3966.703841598191
 0.496 6063.387629090013 3961.631793303465
 0.497 6057.766534130075 3955.340948891324
 0.498 6051.313379786745 3947.957901526351
 0.499 6043.474712773638 3938.586048219388
 0.5 6036.91408891795 3931.018847431145
 0.501 6030.926708929592 3923.936330070134
 0.502 6024.098035931911 3916.370599079356
 0.503 6016.758629196992 3907.757483257141
 0.504 6010.880574336523 3900.390728463147
 0.505 6005.109617221363 3894.211940504029
 0.506 5998.430972664305 3886.246925174599
 0.507 5991.321110356675 3877.820486202512
 0.508 5985.63972687688 3871.180572830245
 0.509 5977.616417981781 3862.069882089993
 0.51 5971.544395419987 3855.492663904396
 0.511 5965.455427318915 3847.803987721678
 0.512 5959.631314164276 3840.568625670197
 0.513 5951.84129787086 3831.745966932589
 0.514 5947.100186574809 3826.689483814991
 0.515 5942.043401833769 3821.082992777708
 0.516 5937.330933029851 3815.55626434302
 0.517 5932.046207397286 3809.712882482857
 0.518 5926.227393838237 3802.969092306188
 0.519 5917.885878821664 3793.76106491651
 0.52 5909.924758524785 3784.421676607652
 0.521 5903.503440658206 3777.243229370063
 0.522 5899.388855118711 3772.953815075337
 0.523 5892.948840085929 3765.752246350538
 0.524 5884.590738848299 3756.041999324179
 0.525 5878.05965842766 3748.544616814056
 0.526 5872.327155174635 3742.472512643789
 0.527 5867.728989415352 3736.790369788961
 0.528 5862.194682801765 3730.216915364284
 0.529 5856.80219711094 3724.861248858174
 0.53 5850.521372341028 3718.00496089457
 0.531 5844.174894517785 3710.841515710342
 0.532 5838.515123075498 3703.958138569485
 0.533 5831.894321723877 3696.566391799928
 0.534 5824.040156271243 3688.333430981703
 0.535 5819.573287002892 3683.373612689669
 0.536 5813.182184903403 3676.139665925115
 0.537 5807.3931218749 3669.97643346003
 0.538 5801.958008402897 3664.44145789499
 0.539 5796.509825813897 3658.173386907697
 0.54 5790.397478206491 3651.800351027584
 0.541 5784.802563091471 3645.691448628239
 0.542 5779.210498400909 3639.18343905074
 0.543 5773.582962138127 3632.755259200464
 0.544 5766.956042406613 3625.257887933622
 0.545 5759.860853273932 3617.149760826764
 0.546 5753.151011574322 3609.656243192321
 0.547 5747.315400578362 3603.500736266483
 0.548 5740.787380619718 3596.017083638571
 0.549 5734.322879699634 3589.341018941223
 0.55 5728.534504942004 3583.661313097401
 0.551 5723.515760379169 3578.324807295707
 0.552 5717.221463130012 3571.398037937707
 0.553 5711.90142994745 3565.605143371214
 0.554 5707.427451394236 3560.75436020779
 0.555 5700.341511576241 3553.446307819499
 0.556 5696.543768683839 3549.783643389707
 0.5570000000000001 5691.098017349309 3543.881844502465
 0.5580000000000001 5683.517771745893 3535.613181008872
 0.5590000000000001 5676.113423732756 3527.424380113685
 0.5600000000000001 5670.15352711482 3520.555350964037
 0.5610000000000001 5665.940744618358 3515.799877989289
 0.5620000000000001 5659.21819439618 3508.747314099606
 0.5630000000000001 5654.069667652259 3502.911912421927
 0.5640000000000001 5648.307224294553 3497.196585773316
 0.5650000000000001 5642.483674742889 3490.804736151204
 0.5660000000000001 5637.563034390933 3485.271757166722
 0.5670000000000001 5632.731008640522 3480.353404933143
 0.5680000000000001 5626.436716053036 3473.626509935044
 0.5690000000000001 5621.655543880364 3468.503385345659
 0.5700000000000001 5616.190999324955 3463.212837787896
 0.5710000000000001 5610.082734347846 3456.438865029888
 0.5720000000000001 5605.408917022683 3451.571620940936
 0.5730000000000001 5600.273563112778 3446.248853631076
 0.5740000000000001 5595.79595787929 3441.594154726814
 0.5750000000000001 5589.864791620044 3435.538294093684
 0.5760000000000001 5583.214516471613 3428.545648673577
 0.577 5577.636794771387 3422.666767550968
 0.578 5572.182614215155 3416.893227065541
 0.579 5566.504999751272 3410.878839899824
 0.58 5562.258531192718 3406.858875256935
 0.581 5557.141289443691 3402.236485011695
 0.582 5549.776848284839 3394.279011593682
 0.583 5542.95354922569 3387.020544234726
 0.584 5538.740235548743 3383.216280603252
 0.585 5533.078550475975 3377.045506676919
 0.586 5525.682361878766 3369.460076885061
 0.587 5520.259566631145 3364.068981375126
 0.588 5514.064783710722 3356.981307598318
 0.589 5508.451763101056 3351.214206786562
 0.59 5501.882379112659 3344.077683210901
 0.591 5495.575335859599 3337.256887014667
 0.592 5490.010547726031 3331.736854728515
 0.593 5484.938481249947 3326.533962162092
 0.594 5479.460538394632 3321.361860500495
 0.595 5473.698634095728 3315.904658300916
 0.596 5465.415950754401 3306.797298031716
 0.597 5459.944627068648 3301.424834703586
 0.598 5454.6826782137 3296.099611255161
 0.599 5448.76299613579 3290.185242887186
 0.6 5444.349413920169 3285.898759116678
 0.601 5440.077026340262 3281.971839153501
 0.602 5434.279817440111 3275.747666543386
 0.603 5429.568474761002 3271.122789390312
 0.604 5422.990110030444 3264.66710412908
 0.605 5417.259063654248 3258.763408851039
 0.606 5414.018211589845 3255.631686761565
 0.607 5409.286463052239 3251.277681755703
 0.608 5402.556611116106 3243.463265512955
 0.609 5396.943015104694 3238.405625652613
 0.61 5390.517931682147 3231.563899104676
 0.611 5384.896361588942 3225.339414011882
 0.612 5378.510933517394 3218.855140973865
 0.613 5372.080707939332 3212.322663899227
 0.614 5365.382630621763 3205.568425573702
 0.615 5359.743059366961 3200.001535811832
 0.616 5353.096514336823 3192.847402313535
 0.617 5348.422267175157 3188.502519529015
 0.618 5343.564304698763 3183.623155049054
 0.619 5337.156047332209 3176.987754994316
 0.62 5332.812455746661 3172.917093117107
 0.621 5326.677568276477 3166.471094264038
 0.622 5322.647429896819 3162.458459542511
 0.623 5317.404892950819 3157.247425570166
 0.624 5311.882357529595 3151.804929149064
 0.625 5307.704187324764 3148.417908452898
 0.626 5302.780439832707 3143.364986817418
 0.627 5297.109799289959 3137.715742381899
 0.628 5291.887631583159 3131.994828553723
 0.629 5287.773082928226 3127.755214846752
 0.63 5283.004018899329 3123.55640108648
 0.631 5277.337929186673 3117.504721614855
 0.632 5272.130750644697 3112.309943819712
 0.633 5266.954628134722 3107.05034110486
 0.634 5261.115009198581 3101.079639535681
 0.635 5256.671830464537 3096.479502617758
 0.636 5251.247024982414 3090.846361683877
 0.637 5245.953357650743 3085.300260516495
 0.638 5240.64620316763 3080.129291261739
 0.639 5235.858813344383 3075.544463903696
 0.64 5228.826825480629 3068.312889907692
 0.641 5224.924394337718 3064.394414527772
 0.642 5218.795614896165 3058.372996296247
 0.643 5211.667454210246 3051.36544766159
 0.644 5207.442002350983 3047.761231506631
 0.645 5203.369116387983 3043.943388116062
 0.646 5197.921948257927 3038.740047327558
 0.647 5194.848098081477 3035.479952325567
 0.648 5190.751133169418 3031.733724013842
 0.649 5186.416106448431 3027.749843797226
 0.65 5180.391597746227 3021.669187002506
 0.651 5175.457781636059 3016.360817166394
 0.652 5170.34728544316 3010.607072909072
 0.653 5164.803459953266 3005.499504057885
 0.654 5159.013576507832 2999.365566019508
 0.655 5154.582911057438 2995.351726974287
 0.656 5148.238029753306 2988.995797382291
 0.657 5144.664806037257 2985.451763559733
 0.658 5138.419382800283 2979.107918289955
 0.659 5133.874904594344 2974.315072251773
 0.66 5129.024596062003 2969.751730280816
 0.661 5123.725084098992 2963.975250796869
 0.662 5117.668627961872 2957.981843581702
 0.663 5111.442258544844 2951.394335586218
 0.664 5107.225436322298 2947.49090643099
 0.665 5101.285501178912 2941.297393687486
 0.666 5097.189536779433 2937.444836805993
 0.667 5093.016245426415 2933.242631779408
 0.668 5087.297544172918 2928.011994092548
 0.669 5081.80011832012 2922.193627722838
 0.67 5076.397972817094 2917.223225352518
 0.671 5071.856011460431 2913.671750799943
 0.672 5064.237756433079 2906.906919105546
 0.673 5057.984703669658 2900.65813087881
 0.674 5053.187138311563 2896.219428897061
 0.675 5049.594009872031 2892.593955606878
 0.676 5043.418993554252 2885.991556985893
 0.677 5039.059647844084 2881.679998135783
 0.678 5032.467262507787 2875.45450870164
 0.679 5027.249595880165 2870.400759387551
 0.68 5022.225873658173 2865.72645537575
 0.681 5017.811342752975 2861.74750564049
 0.6820000000000001 5012.890731473576 2857.103681869036
 0.6830000000000001 5008.837876847956 2853.484708166468
 0.6840000000000001 5004.179392713962 2849.12515041205
 0.6850000000000001 4999.838498110922 2845.151573532828
 0.6860000000000001 4994.941037167733 2840.661606937649
 0.6870000000000001 4988.678298137659 2834.850489247444
 0.6880000000000001 4982.2447867932 2828.59767032535
 0.6890000000000001 4977.619999041516 2823.776637240501
 0.6900000000000001 4971.505484928684 2817.484430451293
 0.6910000000000001 4966.313909497317 2813.028020694499
 0.6920000000000001 4959.71042679221 2807.028763230467
 0.6930000000000001 4954.715103621505 2802.063031238022
 0.6940000000000001 4950.442040441678 2797.805364387831
 0.6950000000000001 4944.861080545871 2792.545329600636
 0.6960000000000001 4940.155811777597 2787.991641633688
 0.6970000000000001 4934.775672964783 2783.349786972191
 0.6980000000000001 4928.630241700624 2777.619664391779
 0.6990000000000001 4925.170024688206 2774.412340494536
 0.7000000000000001 4920.376091464724 2769.743190132431
 0.7010000000000001 4914.445705831725 2764.756575249572
 0.7020000000000001 4907.813735575318 2757.907669447653
 0.7030000000000001 4903.505781168672 2753.875086691738
 0.704 4898.833812361922 2748.796570311241
 0.705 4894.072462188057 2744.481857020303
 0.706 4888.222427719003 2738.671730445103
 0.707 4883.22869791773 2733.499882933593
 0.708 4878.093913950599 2729.083276155475
 0.709 4871.537768537095 2722.62702502436
 0.71 4865.8104845583 2717.117332515868
 0.711 4862.10906028561 2714.111481430534
 0.712 4855.921526542988 2708.326763729852
 0.713 4851.398203420169 2704.457523088583
 0.714 4848.138223328088 2701.807499163529
 0.715 4842.817833723523 2697.388525750399
 0.716 4837.76275141817 2692.727506186549
 0.717 4832.579849770364 2687.61646526858
 0.718 4826.122024890558 2681.717590450444
 0.719 4820.630232664003 2676.61853042553
 0.72 4814.963657233249 2671.388352197927
 0.721 4809.85182343702 2666.838685687368
 0.722 4804.363128097599 2662.097874524372
 0.723 4800.445192404916 2658.170383771872
 0.724 4795.085637442666 2653.39734787566
 0.725 4791.995587879078 2649.929248886983
 0.726 4786.603154094518 2645.428807617609
 0.727 4781.190730620256 2640.493779418526
 0.728 4775.717337528944 2635.945808466417
 0.729 4772.843814901695 2633.71242861609
 0.73 4767.81669433908 2629.217421433545
 0.731 4763.460149081082 2624.711648448237
 0.732 4757.492231716353 2619.098067414613
 0.733 4753.372858067994 2614.91271832861
 0.734 4748.91862440052 2611.103832187527
 0.735 4744.640622260211 2607.586499575867
 0.736 4738.911743355065 2602.120154620721
 0.737 4733.745073760678 2596.747796178548
 0.738 4728.475313480077 2591.984971284267
 0.739 4723.260255630065 2587.172059227166
 0.74 4719.324064946625 2584.266613490228
 0.741 4715.042846926584 2580.348411649246
 0.742 4709.757496425661 2575.506307666617
 0.743 4708.23681785294 2574.378027820342
 0.744 4704.189070859712 2570.626536504454
 0.745 4699.567459191217 2566.374738955695
 0.746 4696.597562501658 2563.741922436753
 0.747 4692.163958913756 2560.017020020246
 0.748 4687.903655834363 2556.104633619122
 0.749 4684.044819806356 2553.001975547728
 0.75 4678.349336360248 2547.892039536677
 0.751 4672.522742290493 2542.120254183576
 0.752 4669.574458696958 2539.490940535174
 0.753 4664.864221366485 2535.583155574655
 0.754 4660.995730104813 2531.960760644205
 0.755 4655.290704047512 2526.620467873267
 0.756 4650.890215844691 2522.128364236431
 0.757 4644.664074983897 2516.881229975669
 0.758 4640.430397464736 2513.495166743523
 0.759 4635.125034446393 2508.945762801485
 0.76 4628.663856785894 2503.264916020548
 0.761 4623.137292880533 2498.201989760363
 0.762 4618.936840660378 2494.243674858104
 0.763 4612.739638120681 2488.946868345222
 0.764 4609.244693625932 2485.556076598863
 0.765 4604.820486646116 2482.063779424594
 0.766 4599.980175670516 2478.24611219241
 0.767 4594.638425893715 2474.254786470829
 0.768 4590.825676021184 2470.941316935883
 0.769 4584.609717499837 2465.688710994407
 0.77 4580.421783420626 2461.889836816979
 0.771 4576.690724735539 2458.961383542522
 0.772 4572.347646080098 2454.994425389297
 0.773 4568.159578830266 2451.925741395579
 0.774 4562.10123244006 2447.192781948337
 0.775 4558.492937042774 2444.238987033677
 0.776 4554.405291020422 2440.221492699522
 0.777 4549.774347943496 2436.232200419738
 0.778 4544.12834332725 2431.394503521416
 0.779 4541.291737898663 2429.478086330042
 0.78 4535.306729660087 2424.009952146552
 0.781 4530.995944701756 2420.718401471756
 0.782 4526.703303514216 2417.559665238894
 0.783 4522.110107360787 2413.274804578776
 0.784 4517.604685794631 2409.235104265949
 0.785 4512.907071107663 2405.794787029369
 0.786 4507.305728160811 2401.480060166415
 0.787 4503.936795903466 2398.26413254274
 0.788 4499.16944388223 2394.417935029469
 0.789 4493.901991582666 2390.068045315546
 0.79 4489.255574124848 2385.660918585652
 0.791 4484.379279899445 2380.519680354834
 0.792 4480.234248956203 2376.994489453721
 0.793 4476.738555217787 2373.934400315029
 0.794 4472.911543334806 2370.218201922697
 0.795 4468.219557455942 2366.671853887616
 0.796 4463.403490855032 2362.768114487859
 0.797 4458.868607746722 2358.698684080134
 0.798 4455.339083093363 2355.534853386736
 0.799 4450.129594240463 2351.396620011732
 0.8 4445.099304020189 2346.930126556324
 0.801 4441.026311488155 2344.044912230782
 0.802 4436.442430987342 2340.521397379373
 0.803 4432.242697650008 2337.267738427538
 0.804 4429.329320617401 2335.017679446293
 0.805 4424.86800095355 2331.378626019345
 0.806 4420.689846497509 2327.732682682191
 0.8070000000000001 4416.371031645586 2324.600425271668
 0.8080000000000001 4411.926842768504 2320.133638158186
 0.8090000000000001 4408.726259494537 2317.551969174873
 0.8100000000000001 4403.991800407278 2313.503575500195
 0.8110000000000001 4401.008210672447 2310.750402349572
 0.8120000000000001 4396.484173466445 2306.80331963726
 0.8130000000000001 4392.162911956558 2302.792312488441
 0.8140000000000001 4389.755909967103 2300.701089681059
 0.8150000000000001 4384.186734496853 2296.040535320582
 0.8160000000000001 4380.77519128186 2292.936923554249
 0.8170000000000001 4376.440272867504 2288.843459164038
 0.8180000000000001 4371.641220100183 2284.795484143584
 0.8190000000000001 4367.096361594465 2280.538530407968
 0.8200000000000001 4362.754993791757 2276.875881822842
 0.8210000000000001 4359.145823887094 2273.647942108354
 0.8220000000000001 4354.355493577114 2269.927095288192
 0.8230000000000001 4349.108421755817 2265.695322390613
 0.8240000000000001 4344.368048383434 2262.121633853025
 0.8250000000000001 4340.91863507486 2259.165283991211
 0.8260000000000001 4337.028634145303 2255.888708004714
 0.8270000000000001 4334.306582468882 2253.885832169307
 0.8280000000000001 4330.499578426055 2250.411481830165
 0.8290000000000001 4324.435446254323 2245.294743729459
 0.8300000000000001 4319.803125980107 2241.080584921975
 0.8310000000000001 4314.39079026642 2236.630970287852
 0.8320000000000001 4309.719799844137 2233.029131791617
 0.833 4305.832429070636 2229.665026747448
 0.834 4300.496333147506 2225.135686232257
 0.835 4295.374804815921 2221.207207565528
 0.836 4291.502215715523 2217.545662141627
 0.837 4287.558683591416 2214.070411784136
 0.838 4284.630087320086 2211.424763687414
 0.839 4280.740789830215 2207.852130390811
 0.84 4274.283895035028 2202.675350631878
 0.841 4270.821838098566 2199.206344603211
 0.842 4265.799192271958 2195.239660482943
 0.843 4262.022663027633 2192.304617324776
 0.844 4257.503218322155 2188.551413422328
 0.845 4253.561755137413 2185.451700545463
 0.846 4250.173170668045 2181.832579452951
 0.847 4247.076599090701 2179.755956052187
 0.848 4242.950076154055 2175.782452175421
 0.849 4239.944151838005 2173.169760916844
 0.85 4236.28976229072 2169.857152485164
 0.851 4231.881737460017 2166.490218794105
 0.852 4229.59224402035 2164.391082291289
 0.853 4224.598309914722 2160.729720256456
 0.854 4220.466862563347 2156.977383712119
 0.855 4215.778813106714 2153.694381723218
 0.856 4214.008911509006 2152.240029088822
 0.857 4209.496216312775 2148.070338544159
 0.858 4204.716862237028 2144.080739002794
 0.859 4199.664446856475 2139.9335832311
 0.86 4195.304052545514 2136.671537388788
 0.861 4191.501977532485 2132.945829403437
 0.862 4186.324277627768 2128.710267103216
 0.863 4180.832254813561 2124.516550319528
 0.864 4175.32601459102 2119.707317713633
 0.865 4170.698699109519 2116.212897374103
 0.866 4166.324783313738 2112.192884832808
 0.867 4161.374863784614 2108.537969265226
 0.868 4156.009788079254 2104.377944586151
 0.869 4153.281862454181 2102.170452605038
 0.87 4149.77948808288 2099.535145782751
 0.871 4145.701878177384 2096.596504796825
 0.872 4141.908880934796 2093.405181787399
 0.873 4137.15058786068 2090.076775705105
 0.874 4132.773087128645 2086.277730742602
 0.875 4129.431254896388 2083.2839211214
 0.876 4125.354998083591 2081.031841346429
 0.877 4121.549115671459 2078.35798609722
 0.878 4118.05229092249 2075.749431691221
 0.879 4113.939887438153 2072.940825473756
 0.88 4110.073040434177 2069.932900646964
 0.881 4105.664228390841 2066.614838240175
 0.882 4101.84767317706 2064.027860881019
 0.883 4097.558389138416 2059.836545212145
 0.884 4093.684541152428 2056.567818267613
 0.885 4089.325488192407 2052.487764335495
 0.886 4085.801146800052 2049.855019334968
 0.887 4082.160343635293 2047.439301591171
 0.888 4078.622124640822 2044.976745447038
 0.889 4073.854949013983 2040.905118354656
 0.89 4070.739585972852 2038.518907357896
 0.891 4066.700316532831 2035.915273920405
 0.892 4061.043031513942 2031.657895577207
 0.893 4057.044133089072 2027.900060545163
 0.894 4053.808418035252 2025.753744260064
 0.895 4050.419569554791 2022.742510657111
 0.896 4046.386904299313 2019.057554697683
 0.897 4041.516227243601 2014.73982272016
 0.898 4037.400529585832 2011.089407576386
 0.899 4031.369942477129 2006.231449372465
 0.9 4028.89280766141 2003.929745259956
 0.901 4024.469936343158 1999.506228500408
 0.902 4020.385528012268 1996.679661008439
 0.903 4015.907656889686 1992.37424601145
 0.904 4012.194132936595 1989.406753790486
 0.905 4008.001247955481 1986.554150632254
 0.906 4003.012385269804 1982.397491330758
 0.907 3998.829877359773 1979.65099935023
 0.908 3995.163617613166 1976.9582207162
 0.909 3989.90753672113 1973.192921125018
 0.91 3985.926417871125 1970.280107080777
 0.911 3980.398672610868 1966.106466213992
 0.912 3977.007732555125 1963.59885720296
 0.913 3972.709077279084 1960.726179988151
 0.914 3968.426979946102 1956.912332047536
 0.915 3965.796653350785 1954.59596946601
 0.916 3962.283411983758 1951.640982687414
 0.917 3959.115460503321 1949.046988871182
 0.918 3954.340195657528 1945.796263770234
 0.919 3950.712115575061 1942.499645802598
 0.92 3945.49406679379 1938.165426805512
 0.921 3941.756230993914 1935.959028834767
 0.922 3937.544646436293 1932.902389203998
 0.923 3933.322942152555 1929.998049159166
 0.924 3929.871446572361 1927.997828301277
 0.925 3927.585286000601 1925.882943088585
 0.926 3923.322213025646 1923.05352375041
 0.927 3919.656663545853 1920.606058565538
 0.928 3914.560135377419 1916.761241729555
 0.929 3910.720226120219 1913.13398419618
 0.93 3907.282391130429 1910.848955043954
 0.931 3903.485128912816 1907.951953561216
 0.9320000000000001 3899.270073966843 1904.444898812768
 0.9330000000000001 3894.933455514441 1901.438552886366
 0.9340000000000001 3890.243446049254 1897.714754475536
 0.9350000000000001 3885.951388869642 1894.754258298546
 0.9360000000000001 3881.250637489238 1890.706996895507
 0.9370000000000001 3877.103883182276 1887.869799829477
 0.9380000000000001 3874.351647034071 1885.965795999432
 0.9390000000000001 3871.29498099835 1884.044728065636
 0.9400000000000001 3868.39661455021 1882.054269235695
 0.9410000000000001 3864.674523431856 1879.75669673901
 0.9420000000000001 3859.466550538874 1876.077354479508
 0.9430000000000001 3854.629106591637 1872.516564074416
 0.9440000000000001 3850.533649152255 1869.464277045124
 0.9450000000000001 3847.332145553361 1867.692903405929
 0.9460000000000001 3844.520843457235 1865.388159184296
 0.9470000000000001 3840.287922032431 1862.442923281663
 0.9480000000000001 3835.514159851472 1858.851301483144
 0.9490000000000001 3831.378366234477 1855.447715363681
 0.9500000000000001 3827.405638452114 1852.888006328499
 0.9510000000000001 3822.047706077085 1849.395578165687
 0.9520000000000001 3819.418002700859 1848.049307182307
 0.9530000000000001 3814.089983275733 1844.439834850526
 0.9540000000000001 3810.297762340128 1841.786428764334
 0.9550000000000001 3806.192342162522 1838.368031141432
 0.9560000000000001 3802.395049455536 1835.372342575677
 0.9570000000000001 3797.481158454108 1831.260377951261
 0.9580000000000001 3793.391034684325 1828.614541008072
 0.9590000000000001 3788.618029805011 1825.145458566021
 0.96 3785.128932733346 1822.215638718543
 0.961 3781.06164811414 1819.459707718976
 0.962 3777.220935317059 1816.586789248807
 0.963 3773.529484708185 1814.136995443224
 0.964 3770.1452580327 1812.61803241928
 0.965 3765.70329838771 1808.965246259231
 0.966 3762.243092918427 1807.159161978934
 0.967 3757.879084558361 1803.679093824966
 0.968 3753.641101097954 1800.781882691492
 0.969 3750.059510215193 1798.420800102249
 0.97 3747.5912923342 1796.513421271783
 0.971 3743.320165164538 1793.48675059376
 0.972 3740.052187874957 1791.113980096678
 0.973 3735.430574954669 1788.109201155006
 0.974 3731.413937677375 1785.280091873977
 0.975 3728.298884100612 1782.753597073649
 0.976 3724.043728839211 1778.902674548224
 0.977 3721.056412652747 1777.044687410626
 0.978 3716.723554844454 1773.354117843872
 0.979 3712.564769303045 1770.348244489634
 0.98 3709.964119430324 1769.152958206435
 0.981 3706.821542550777 1766.495172058357
 0.982 3703.322092202643 1763.784985249272
 0.983 3699.416738413843 1761.230146993372
 0.984 3694.36849627433 1757.817545734931
 0.985 3691.922453383682 1755.161794981095
 0.986 3686.903311971661 1751.514462222959
 0.987 3681.412756448784 1747.336074324457
 0.988 3678.600517182743 1745.395127906699
 0.989 3676.88542004126 1743.903093305219
 0.99 3674.141395121326 1741.864609336581
 0.991 3669.761023960787 1738.866801774809
 0.992 3666.438803531657 1736.027521064522
 0.993 3663.412155956203 1734.11037640216
 0.994 3659.920685828196 1731.207802722715
 0.995 3656.444804348537 1728.995765564708
 0.996 3652.341029123814 1726.394526342451
 0.997 3647.846852445523 1723.141891836074
 0.998 3644.930777367982 1721.236059281827
 0.999 3641.053819494267 1718.811972632368
 1 3637.041380739194 1716.217236154857
 1.001 3634.601997353315 1714.498021108259
 1.002 3631.26278889621 1712.314899654055
 1.003 3628.142806946027 1710.204089651218
 1.004 3624.084197516819 1707.824621733412
 1.005 3619.444794877407 1704.521110765265
 1.006 3615.448778877634 1701.399499755244
 1.007 3613.334161579331 1699.382426571614
 1.008 3610.015496615277 1697.654089031298
 1.009 3605.425470520844 1694.499487840329
 1.01 3601.732115867363 1692.381047000348
 1.011 3598.780293538305 1689.873271056881
 1.012 3595.058592891142 1687.634559288259
 1.013 3591.606622146938 1685.207758463317
 1.014 3589.512053083956 1684.365467155232
 1.015 3585.278453648242 1681.628245811493
 1.016 3581.13942227621 1678.59521026529
 1.017 3576.368915662988 1675.317041464511
 1.018 3572.372749865902 1672.2369282284
 1.019 3569.780664123142 1670.213906367476
 1.02 3564.85952786003 1667.302965616455
 1.021 3560.837871342374 1664.388848195659
 1.022 3557.871412511178 1662.258539208446
 1.023 3555.278027345071 1660.126924285249
 1.024 3553.610031463747 1659.32478015389
 1.025 3549.623981119412 1656.609716189258
 1.026 3545.000004639372 1653.06483677568
 1.027 3542.771841577551 1651.093506716512
 1.028 3540.229434823449 1649.719085747207
 1.029 3537.133064615223 1647.602892128789
 1.03 3531.248239165175 1643.547164624361
 1.031 3527.573285829204 1641.760779432589
 1.032 3520.650633439922 1637.161238029917
 1.033 3516.425295467803 1634.210036560595
 1.034 3513.265200305585 1632.316164007373
 1.035 3512.338181088084 1631.440859504511
 1.036 3508.716916143909 1628.619599195795
 1.037 3505.100331113134 1625.980592170605
 1.038 3499.787302598062 1623.050223198612
 1.039 3496.912930536373 1621.318589899274
 1.04 3494.639280836311 1618.805641745751
 1.041 3491.099635345897 1616.526284040785
 1.042 3487.501611710078 1614.546200089372
 1.043 3485.333471420804 1612.740747820234
 1.044 3481.788465313851 1611.566155597756
 1.045 3480.032251684381 1610.620227237227
 1.046 3474.734230528468 1607.574033192413
 1.047 3470.92996793222 1605.509452778538
 1.048 3466.229744013621 1602.139264606444
 1.049 3461.515952910696 1598.454074333861
 1.05 3460.044211828478 1597.391518223709
 1.051 3456.5828313959 1595.368391781305
 1.052 3453.787626468345 1594.194971815702
 1.053 3451.733732936995 1592.611731114662
 1.054 3447.435717507318 1589.351545193559
 1.055 3444.738485110768 1587.577583014059
 1.056 3441.7075008222 1585.349025849214
 1.057 3437.673310273758 1582.103525670492
 1.058 3434.524553742447 1579.88950961827
 1.059 3431.41922146401 1577.228437044764
 1.06 3426.730936878576 1574.416036850517
 1.061 3423.568587736929 1572.998574791938
 1.062 3421.794866966138 1571.496724115862
 1.063 3418.250604817136 1569.28093175657
 1.064 3415.366987716708 1567.862744295373
 1.065 3411.248412798054 1565.556885965382
 1.066 3408.401664673605 1564.052720033436
 1.067 3405.054216777459 1561.816160097926
 1.068 3402.141464065682 1559.368914818245
 1.069 3399.401376602651 1557.971558364818
 1.07 3395.092518763549 1554.460915847344
 1.071 3392.404624843891 1553.019097907987
 1.072 3389.642403319569 1550.845375376414
 1.073 3384.601953595526 1547.076434784338
 1.074 3382.259604156866 1545.391469209382
 1.075 3378.410432311499 1542.660779372401
 1.076 3375.78748392892 1541.055631473508
 1.077 3371.579494291722 1538.259019229462
 1.078 3366.679334712763 1535.047516791127
 1.079 3362.822820448302 1532.386563381759
 1.08 3360.059981509246 1530.267867422971
 1.081 3356.97218483104 1528.139723209124
 1.082 3353.478038699917 1525.984148094788
 1.083 3350.868110175466 1524.857922946714
 1.084 3346.03253937777 1521.669738300101
 1.085 3342.322787089534 1519.779712140084
 1.086 3340.258685166245 1518.482187015176
 1.087 3336.829076230599 1516.74452268208
 1.088 3333.651784590035 1514.684895209942
 1.089 3331.815748197446 1513.914976617423
 1.09 3328.576860674099 1512.265819634604
 1.091 3324.803057963032 1509.630826124352
 1.092 3320.637960953114 1506.758834605245
 1.093 3317.497952847827 1504.520647707201
 1.094 3313.319275596956 1501.747952934972
 1.095 3310.218234589412 1499.536835429344
 1.096 3306.375577356673 1497.668301643297
 1.097 3302.167969773015 1495.294823003843
 1.098 3298.647162295828 1493.484777964311
 1.099 3294.675922292998 1490.763837861645
 1.1 3290.861386082088 1488.167678739425
 1.101 3287.340116084421 1485.227326297095
 1.102 3284.50582782086 1483.756755938331
 1.103 3281.187841325254 1481.434211391147
 1.104 3277.771379267547 1479.583958180828
 1.105 3273.968396642067 1476.81764693017
 1.106 3271.440597866639 1475.644949220468
 1.107 3268.685520231071 1474.63382010645
 1.108 3266.413816703695 1473.441907805155
 1.109 3262.921471711345 1471.104837656688
 1.11 3261.071597846002 1470.17486411153
 1.111 3258.070871125587 1469.131533859892
 1.112 3254.348764303685 1466.907915217288
 1.113 3251.89465523223 1465.374110430296
 1.114 3248.546784516794 1463.405463194272
 1.115 3245.941928274601 1461.215129326938
 1.116 3240.92594894018 1457.825113291565
 1.117 3237.428453161344 1455.937752244809
 1.118 3234.579997079082 1453.822414828074
 1.119 3231.402632741642 1451.998114684363
 1.12 3230.370096830063 1451.516829030414
 1.121 3227.686058404217 1450.220100660042
 1.122 3223.949426881326 1447.153091031294
 1.123 3219.175702237329 1444.356199581198
 1.124 3217.094137321635 1442.36854854053
 1.125 3213.104923341125 1440.362602329196
 1.126 3209.255653108982 1437.734329312949
 1.127 3205.522155546778 1434.880119007201
 1.128 3202.730456475286 1433.093191382405
 1.129 3200.433271375245 1432.699311651504
 1.13 3197.060479444106 1430.553016293624
 1.131 3195.135879270944 1429.218268807543
 1.132 3190.956122316475 1426.504685608283
 1.133 3188.069400235874 1424.945939191173
 1.134 3185.684464118102 1424.076307174002
 1.135 3182.805718704261 1422.129739842425
 1.136 3178.585429911524 1419.534004470887
 1.137 3175.049433938299 1417.397286078472
 1.138 3173.48741653916 1416.211227019882
 1.139 3169.183749036287 1413.535474263473
 1.14 3166.524719096805 1411.7169300172
 1.141 3162.795482260316 1408.908527268161
 1.142 3159.168435827321 1406.735249007955
 1.143 3156.209517371946 1404.662892303556
 1.144 3153.468048320589 1403.169360404531
 1.145 3148.700688916747 1400.026667993591
 1.146 3145.127596184979 1397.471364260982
 1.147 3141.474841108101 1395.656332440448
 1.148 3136.991271916721 1392.707257263228
 1.149 3133.351489101159 1390.364989901761
 1.15 3130.04435204752 1388.8717681646
 1.151 3127.432887075047 1387.347235529013
 1.152 3124.515931565464 1384.958538832363
 1.153 3121.770959010292 1383.300585447053
 1.154 3118.952266026439 1381.870394687134
 1.155 3115.069141537567 1379.890614426186
 1.156 3111.174461872883 1377.463799313867
 1.157 3108.485208527485 1376.356170508137
 1.158 3105.700666717425 1374.718077904649
 1.159 3103.59608194436 1373.611230042685
 1.16 3099.445774682154 1370.344869491725
 1.161 3095.755271356629 1367.408981297496
 1.162 3093.202026209978 1366.106278820564
 1.163 3090.900068247362 1364.854776928187
 1.164 3088.999338528656 1363.972933580452
 1.165 3084.473480898859 1361.668495797812
 1.166 3082.223543604137 1359.867780900056
 1.167 3078.383210735431 1357.711881274635
 1.168 3073.601028386886 1354.604207253578
 1.169 3070.432414021556 1352.719951350805
 1.17 3067.525539747397 1350.674933894103
 1.171 3064.752302366294 1349.693527261769
 1.172 3061.998274294349 1347.785005362648
 1.173 3059.223272807671 1346.570960213284
 1.174 3056.341401089903 1345.083899047176
 1.175 3052.344578576144 1343.135365442419
 1.176 3050.335158080788 1342.15590187234
 1.177 3047.140089687962 1340.694864796154
 1.178 3043.094093321449 1338.003378444015
 1.179 3040.256022411466 1336.806264749785
 1.18 3037.977328322551 1335.740899842682
 1.181 3033.170174741087 1333.275145151934
 1.182 3031.768435445872 1332.020634164516
 1.183 3027.763183314005 1330.032913688972
 1.184 3024.961677829593 1327.463296042265
 1.185 3020.71095791109 1324.742891429067
 1.186 3017.494191950747 1322.866806756198
 1.187 3013.322548434863 1321.251880051162
 1.188 3009.218368742679 1318.696991702707
 1.189 3004.881198997639 1316.465708702414
 1.19 3001.52018063968 1314.146782879486
 1.191 3000.032646091638 1313.173878994363
 1.192 2997.553088749604 1312.056003850694
 1.193 2993.23082310282 1309.332328326751
 1.194 2989.515302563754 1306.682916272995
 1.195 2986.622610450603 1304.285799450719
 1.196 2984.34680747165 1302.808566649773
 1.197 2980.683779108 1300.690412812694
 1.198 2978.123128837961 1299.146870844283
 1.199 2975.612942235429 1298.075099673837
 1.2 2972.833052715119 1297.00571728288
 1.201 2970.082206215734 1295.183577456174
 1.202 2967.996597390437 1293.982957865956
 1.203 2964.731351611958 1291.851615809643
 1.204 2960.199198853924 1288.864290910578
 1.205 2955.234099539453 1285.636330304941
 1.206 2952.488304283387 1283.638906321317
 1.207 2949.930986834871 1282.157710529543
 1.208 2947.470398611142 1280.903289754554
 1.209 2945.839427395002 1279.881685052919
 1.21 2944.319041267218 1279.147980476568
 1.211 2941.188978985595 1278.073211738457
 1.212 2938.98419441 1276.370515973172
 1.213 2935.459170989065 1273.979933903901
 1.214 2933.006262144868 1272.523884898093
 1.215 2929.369952643545 1270.70274788073
 1.216 2927.102997719427 1268.751766519527
 1.217 2924.36926400695 1267.393869157163
 1.218 2920.748880442278 1264.915084381151
 1.219 2919.327053496021 1263.960982937628
 1.22 2916.0519257042 1261.829630989545
 1.221 2913.985964433891 1260.214167794836
 1.222 2912.257290714653 1259.472619301379
 1.223 2908.490546954083 1258.033426594596
 1.224 2905.956806749396 1256.962636893714
 1.225 2902.417602737128 1254.689208012886
 1.226 2899.329158886793 1252.644860299905
 1.227 2895.545225833765 1251.424979184982
 1.228 2892.344757957589 1248.8646503605
 1.229 2890.023471183877 1248.5035543504
 1.23 2887.192198724064 1246.887839876861
 1.231 2884.374434111148 1245.287009368957
 1.232 2881.748454570009 1243.370742073897
 1.233 2878.416191903242 1241.297868234846
 1.234 2876.391060601942 1240.49555382552
 1.235 2874.640381006663 1239.860389550711
 1.236 2872.002709737611 1239.147113201396
 1.237 2867.426183055697 1236.691954179164
 1.238 2864.279335787026 1234.870549879092
 1.239 2860.493764861036 1232.583766441207
 1.24 2857.74897542999 1230.947279655447
 1.241 2852.543519331864 1228.554181343979
 1.242 2850.184348033877 1227.210427720216
 1.243 2848.110011145763 1226.291718528305
 1.244 2845.220484676227 1224.581948088314
 1.245 2842.550542764227 1223.77615162599
 1.246 2840.166729972112 1223.031269304941
 1.247 2838.445853448029 1222.112868158154
 1.248 2835.195828358028 1220.778636894356
 1.249 2832.774514248199 1220.009735530183
 1.25 2830.361031058832 1218.463732694847
 1.251 2827.21430680819 1216.973731887381
 1.252 2824.363737876082 1215.301607864143
 1.253 2821.582703242997 1213.541246214193
 1.254 2820.324240170739 1212.389699400609
 1.255 2818.490430859682 1211.16776100017
 1.256 2817.633149702541 1211.115496413749
 1.257 2816.693259943269 1211.219392294028
 1.258 2813.494430428564 1209.888620010404
 1.259 2810.659522820034 1208.401734688498
 1.26 2806.912996650941 1207.210042083131
 1.261 2802.374101603139 1204.945883878428
 1.262 2799.928153041481 1204.039816996398
 1.263 2798.01659205952 1203.507866868011
 1.264 2796.8655385898 1203.234395925866
 1.265 2793.880684899164 1201.821590478284
 1.266 2792.555596448619 1200.779402765876
 1.267 2788.682531490928 1199.099392061209
 1.268 2787.16170483011 1198.634627436559
 1.269 2787.110459905949 1198.501395986323
 1.27 2785.159381365926 1197.558703329114
 1.271 2782.143566657676 1195.357450380999
 1.272 2778.18741434574 1193.075307339492
 1.273 2774.95624300335 1191.710587945021
 1.274 2771.168703346116 1190.359083603799
 1.275 2768.453773300288 1188.781173137018
 1.276 2765.853466000613 1188.120887316031
 1.277 2763.570701154057 1186.11684147957
 1.278 2760.468231982864 1184.705712533286
 1.279 2756.430913560447 1182.389682888532
 1.28 2754.374055983948 1181.196831903571
 1.281 2751.292517052932 1179.088577998007
 1.282 2749.253770876069 1177.695109850989
 1.283 2746.751618926271 1176.669319002721
 1.284 2743.329297880763 1175.208147398199
 1.285 2740.353170333626 1174.405181266951
 1.286 2735.394034801367 1171.270986631622
 1.287 2734.18203417845 1170.14413578874
 1.288 2731.901636269355 1168.554504599743
 1.289 2730.17197927743 1167.390528692917
 1.29 2727.668925967737 1165.747457871593
 1.291 2727.01722058651 1165.00577628742
 1.292 2724.35232918582 1163.200878714475
 1.293 2721.405554922539 1161.566581505772
 1.294 2718.780038316036 1160.538167792253
 1.295 2716.759985141769 1159.069352966736
 1.296 2713.412030684939 1157.194749356291
 1.297 2711.753344292765 1155.955463894846
 1.298 2709.214007494511 1154.657015549791
 1.299 2707.46187572314 1153.731534237026
 1.3 2704.386821245644 1152.241597326666
 1.301 2701.516490225184 1150.609659077769
 1.302 2697.243387950739 1148.182266654083
 1.303 2694.309455882414 1146.725724504455
 1.304 2688.64303518298 1143.821375679344
 1.305 2685.14276851712 1141.917332883444
 1.306 2684.429861538595 1141.051550064627
 1.307 2683.059697385354 1140.485682383072
 1.308 2679.070174407021 1138.800340115206
 1.309 2675.61179873031 1136.80382896374
 1.31 2674.391431933356 1136.865465827965
 1.311 2671.833973325622 1135.847333250699
 1.312 2670.980043213375 1135.836204373051
 1.313 2666.951625812266 1134.144765998062
 1.314 2664.534930194184 1132.463062188212
 1.315 2662.006533056363 1130.526689501619
 1.316 2658.441041098658 1129.047562056676
 1.317 2656.367150261739 1128.352450787411
 1.318 2653.091933966158 1127.066424586356
 1.319 2649.022863221412 1125.289088707855
 1.32 2645.365753331376 1123.892125722185
 1.321 2642.143770593929 1121.530807466644
 1.322 2639.076381451828 1120.035446896217
 1.323 2636.073996139332 1118.38404308231
 1.324 2634.256227805408 1117.30799632654
 1.325 2630.93283972276 1115.011806589401
 1.326 2630.326207334146 1114.034787408896
 1.327 2627.875852210359 1112.92505133564
 1.328 2624.252914705171 1111.592703583636
 1.329 2621.889086774438 1111.146817905376
 1.33 2620.126726695366 1110.208218712923
 1.331 2619.594879375785 1110.057682146976
 1.332 2617.048688325795 1108.933654322679
 1.333 2614.512769718072 1107.170514568801
 1.334 2611.921956736684 1106.093515770986
 1.335 2608.75763273285 1104.105782543241
 1.336 2605.704674515015 1102.334882135875
 1.337 2603.533560321251 1101.387473222263
 1.338 2601.450661507839 1100.597988367389
 1.339 2598.119620115514 1098.984350595846
 1.34 2596.497143328675 1098.685996553342
 1.341 2595.31659897234 1098.426682444264
 1.342 2592.882840814042 1097.185468192031
 1.343 2590.491344656534 1095.231116179603
 1.344 2585.572914084099 1092.533490572628
 1.345 2581.000805358547 1090.535175124561
 1.346 2578.466520868231 1088.712846354649
 1.347 2576.806064635154 1088.152037304018
 1.348 2576.57299486645 1087.823484054585
 1.349 2572.941509486898 1086.30756200853
 1.35 2572.73703864043 1085.88258372291
 1.351 2569.999176790812 1084.764267867875
 1.352 2569.00589111437 1084.782223800452
 1.353 2565.618143157082 1082.828779115596
 1.354 2562.354583289553 1081.275893574025
 1.355 2558.089356314098 1079.551415714787
 1.356 2555.424019609815 1078.064723787058
 1.357 2552.04929931148 1076.686728741012
 1.358 2550.172350297762 1075.421836360508
 1.359 2548.417284262885 1074.385781057426
 1.36 2544.670668241816 1072.629339549348
 1.361 2542.331204581029 1071.985415535549
 1.362 2539.994728245957 1070.25558874799
 1.363 2537.663010270738 1069.421139415441
 1.364 2535.386098086588 1068.483009077475
 1.365 2532.962731473839 1067.175483303299
 1.366 2529.857608247175 1065.829209967414
 1.367 2527.574464649422 1064.757512949915
 1.368 2525.785570814038 1063.788400409467
 1.369 2523.673048755024 1062.498038134665
 1.37 2521.768155974043 1061.642938887106
 1.371 2518.622159571239 1060.567366752683
 1.372 2515.109465325123 1059.43903915123
 1.373 2511.897753602255 1058.119603119848
 1.374 2510.014643345358 1056.829034107436
 1.375 2507.30079214578 1055.549873298467
 1.376 2502.040831472723 1053.12534329023
 1.377 2500.784707493703 1051.628567851615
 1.378 2498.911601900727 1050.485232305376
 1.379 2496.306001975941 1050.029467974784
 1.38 2494.090660815964 1049.066821439084
 1.381 2491.61453948826 1048.038434031042
 1.382 2489.142760789286 1046.876417592696
 1.383 2485.254181309409 1045.166383819297
 1.384 2482.785788233879 1044.267131332374
 1.385 2480.377701848191 1042.641541940941
 1.386 2477.671663191614 1041.984426631944
 1.387 2474.924678226032 1040.998261763579
 1.388 2472.190958770322 1039.917977271341
 1.389 2469.725378825266 1038.715671477043
 1.39 2465.076621420776 1036.658192493963
 1.391 2462.088104540994 1035.467715338794
 1.392 2458.579160968741 1033.892779118783
 1.393 2455.170745563098 1032.593180936687
 1.394 2452.826252043541 1031.457233765272
 1.395 2451.730795372638 1031.263731154437
 1.396 2448.354389439871 1030.224471999072
 1.397 2446.633553055757 1029.265387272838
 1.398 2445.808341044665 1028.794709384958
 1.399 2445.165356725333 1028.181220882484
 1.4 2444.321596991525 1028.586829351354
 1.401 2441.718714514428 1026.98944582117
 1.402 2439.717849489739 1026.064747237549
 1.403 2437.389077630134 1025.034531687765
 1.404 2433.007310935606 1022.670751833575
 1.405 2431.180552204694 1021.406018282216
 1.406 2428.541385134914 1020.359653670503
 1.407 2425.336092612812 1019.057118111311
 1.408 2423.314294947981 1018.022115483533
 1.409 2420.529725953715 1016.48155482781
 1.41 2417.269311558563 1014.722901832782
 1.411 2414.852870612424 1014.454534781843
 1.412 2412.386976230893 1013.322911261964
 1.413 2409.553837688638 1011.872854341516
 1.414 2406.740587757927 1010.447271387441
 1.415 2404.782394121897 1009.805003414191
 1.416 2405.204969775383 1010.116390732174
 1.417 2402.599607033786 1009.195974494555
 1.418 2400.350469210061 1008.208984172664
 1.419 2398.787028568377 1007.265541587509
 1.42 2395.902673021544 1006.384928998672
 1.421 2394.970341970617 1005.80883072119
 1.422 2393.405131979805 1005.182559826169
 1.423 2391.252838420929 1004.646515652153
 1.424 2388.676487330654 1003.794519009026
 1.425 2386.917461040486 1002.924139883026
 1.426 2385.159165100506 1002.306775972396
 1.427 2382.170445744508 1001.354403086265
 1.428 2379.799349369602 1000.674003071665
 1.429 2377.724340970195 999.3933383287064
 1.43 2376.607261603875 999.3458753118368
 1.431 2375.429528576679 998.6975776328426
 1.432 2372.782914833424 997.2212165920512
 1.433 2369.56292924739 996.2715440415441
 1.434 2367.717758241869 995.0606115855078
 1.435 2364.733105647788 993.0706170901498
 1.436 2363.64881172337 992.5936510175795
 1.437 2361.721144109187 991.087069354374
 1.438 2359.604065108745 991.0506130553761
 1.439 2357.591728702513 990.2411799690856
 1.44 2355.05514682528 989.4288271994668
 1.441 2352.383301133548 987.9620220456014
 1.442 2351.024253758562 986.8463147620104
 1.443 2347.523191682357 985.3452362385012
 1.444 2345.459203677337 983.7050114772575
 1.445 2342.403913480805 981.8814884486192
 1.446 2339.091727697938 980.3584921439835
 1.447 2338.733989351701 979.9105294024093
 1.448 2337.174196324798 978.8179661783217
 1.449 2335.953297095276 978.2378072056097
 1.45 2333.942373821601 977.4157215388541
 1.451 2329.347628655331 975.5831202942264
 1.452 2327.88332967688 975.0784080572885
 1.453 2325.42955943219 974.36919953987
 1.454 2323.302033412457 972.7746901581254
 1.455 2320.783681155181 971.4091800229296
 1.456 2318.874236277584 970.8542204409981
 1.457 2318.125272747753 970.8506279423431
 1.458 2316.339288584486 969.9815443369788
 1.459 2315.811330046264 970.3064835511764
 1.46 2314.323124803126 969.6934904365403
 1.461 2312.423480119753 968.5683472991549
 1.462 2309.122383363298 967.3528766172138
 1.463 2305.823625243404 965.5042328090178
 1.464 2303.883197016941 964.6163656336847
 1.465 2300.355973909645 963.3389832742826
 1.466 2298.198970992873 961.9120634937216
 1.467 2295.164673042608 960.4951094349638
 1.468 2294.826899942193 960.2097021550841
 1.469 2291.982749295498 959.329048977148
 1.47 2289.669021735778 958.1511414556567
 1.471 2287.605147878965 957.1957594055298
 1.472 2286.18891316065 956.690433150929
 1.473 2284.363864327614 956.2586146714605
 1.474 2282.41538014373 955.6255293946127
 1.475 2280.116494382469 954.1052775604893
 1.476 2276.198090004212 952.3443053868765
 1.477 2271.933748053891 951.0023879588241
 1.478 2270.419415653395 949.8095186122088
 1.479 2268.725507211621 948.8879440883462
 1.48 2268.903179901517 949.2966364581342
 1.481 2264.737288373725 947.3704720250122
 1.482 2262.285801224751 946.4674833197341
 1.483 2259.111040199016 945.5858039989711
 1.484 2258.075193538657 945.6948507113225
 1.485 2255.57272540749 944.6785392848906
 1.486 2254.27396949739 944.0931789235505
 1.487 2251.573242966246 942.9577320269193
 1.488 2249.735942673258 942.3819354394773
 1.489 2247.937845383821 941.9284525966771
 1.49 2246.456422151309 941.484726795291
 1.491 2244.834832469425 940.5315958067985
 1.492 2243.148162803908 939.6778059385214
 1.493 2242.154473612913 938.5654829930645
 1.494 2239.818882448518 937.741967786664
 1.495 2236.790829656265 936.4814193281734
 1.496 2233.626346624496 935.7125129711766
 1.497 2231.995536912073 934.9533429404852
 1.498 2228.159905885354 932.9764862615203
 1.499 2225.325325115436 932.2323651340228
 1.5 2223.27632336173 931.4473399008934
 1.501 2220.835568402487 930.3540515923011
 1.502 2217.865759086608 929.7690371526625
 1.503 2215.564196110956 928.0682168549699
 1.504 2214.144975542159 927.9253163038956
 1.505 2210.752844897439 926.6195978181071
 1.506 2208.797625977619 925.7773443290761
 1.507 2207.638573406482 924.9631832170716
 1.508 2206.417333384773 924.6000427777034
 1.509 2204.833115867658 923.717973138242
 1.51 2203.579276177223 922.7839743429721
 1.511 2201.270615045924 921.6532504904914
 1.512 2199.939578829245 921.4817631822809
 1.513 2197.919479056929 920.3764002474286
 1.514 2197.408072240772 920.068382381806
 1.515 2195.659880411309 919.1868845367546
 1.516 2192.949923870408 918.2880427561407
 1.517 2190.823582923292 917.4566021467134
 1.518 2188.499224726421 916.8771042123433
 1.519 2187.554275164524 916.2338130904064
 1.52 2184.897232827298 914.8143015404509
 1.521 2182.0617128967 913.4828879524038
 1.522 2180.847507913736 913.4092491805661
 1.523 2178.492629992763 912.949515575706
 1.524 2174.001488213551 910.2176157478393
 1.525 2171.719062243771 908.5232089316703
 1.526 2170.733066362675 908.5063109529212
 1.527 2167.772174395155 907.3895319792559
 1.528 2166.793206388028 907.1274696561388
 1.529 2164.299715715203 906.2607887857042
 1.53 2163.23325995181 905.5443964642728
 1.531 2162.071177997885 905.0797268478801
 1.532 2159.698725538126 904.5381576017347
 1.533 2157.676852855502 904.1592551610715
 1.534 2155.217481754342 903.5311819397838
 1.535 2152.801467484735 902.0980952966842
 1.536 2150.452212039847 900.9029474027477
 1.537 2147.961075359995 899.2014983619604
 1.538 2146.700525147015 898.7429759023017
 1.539 2145.475102164087 898.6654608047658
 1.54 2142.636980360477 897.344327840916
 1.541 2140.676420434142 896.5760267306135
 1.542 2141.069598696218 896.4862946171099
 1.543 2138.967731779346 895.7551769878694
 1.544 2138.109857797746 896.0216288577186
 1.545 2136.765317911793 894.8583971766748
 1.546 2134.982963739751 893.9637630470701
 1.547 2131.731516662409 893.1428404079303
 1.548 2131.69464516779 892.8978194509492
 1.549 2129.346893548404 892.4706660957951
 1.55 2128.654156561026 892.441755632077
 1.551 2127.815886361591 891.615493382267
 1.552 2124.741728333985 890.195803008297
 1.553 2121.082277197412 888.6626607633913
 1.554 2119.86327578031 888.0593703741255
 1.555 2119.030831125665 888.0258432925934
 1.556 2116.080242790872 887.2871909141971
 1.557 2114.947074609701 886.5487691678518
 1.558 2112.953430486833 885.6706247138558
 1.559 2110.328372095613 885.3888032802139
 1.56 2108.511561627471 885.3148197643612
 1.561 2107.509585353712 885.1611997213904
 1.562 2105.726173446187 883.8436708887336
 1.563 2103.660841817826 883.364940948512
 1.564 2102.777877285953 883.2570268316739
 1.565 2100.528346282375 882.8377725671206
 1.566 2098.075615826093 881.8260173189288
 1.567 2097.018921998853 882.0207047817162
 1.568 2095.686269186841 881.1694545558943
 1.569 2094.603251204174 880.5402977791949
 1.57 2094.433311705753 880.5338159169796
 1.571 2091.216279547439 878.9878207243866
 1.572 2088.759993245526 877.7626897006666
 1.573 2088.025884167727 877.6418545976594
 1.574 2086.797489277197 877.0351540317612
 1.575 2085.968833327896 877.3934902404851
 1.576 2081.409528168966 874.4931709217465
 1.577 2078.794217371301 873.2387607768593
 1.578 2076.599514255958 871.8861857069668
 1.579 2074.247218633073 870.8261573203494
 1.58 2072.325396272985 870.5820122908322
 1.581 2070.214330188419 869.7050984063482
 1.582 2067.728898651589 868.3211567962901
 1.583 2065.799529655819 867.5346708295451
 1.584 2065.044236847501 867.245315774455
 1.585 2062.50497856958 865.9035384067081
 1.586 2060.746091645441 865.4918412499619
 1.587 2057.393067812112 864.4950769136303
 1.588 2056.517884020142 864.7566634035845
 1.589 2053.245486159627 862.8229936057096
 1.59 2049.410057016068 860.8448019315607
 1.591 2047.605818052712 860.0723931720357
 1.592 2045.530882045385 859.3869543495339
 1.593 2044.322949969526 858.8547006370494
 1.594 2039.920323823051 856.7751842434049
 1.595 2038.336231678123 856.0599904848258
 1.596 2036.725720044576 856.0111553967579
 1.597 2035.305974081478 855.7154589103352
 1.598 2034.006880398036 854.6462187718885
 1.599 2031.461772849914 854.047978022428
 1.6 2029.653538824703 852.5289812209276
 1.601 2026.599725564516 851.578352582563
 1.602 2024.28677839569 851.1095771478824
 1.603 2021.441244355803 849.6574913785546
 1.604 2018.073492459359 847.7929352372768
 1.605 2015.94969058814 847.1250537812539
 1.606 2013.176497164582 846.0415432959824
 1.607 2011.027470365706 845.7894028556669
 1.608 2009.627119927279 845.7735361381721
 1.609 2009.900846870092 846.3492776185503
 1.61 2008.055647344883 845.3167274491985
 1.611 2007.005525371711 844.7669555849908
 1.612 2005.576189147439 844.1843422461802
 1.613 2001.663071391905 842.3623588459947
 1.614 2000.387277355134 840.767416759748
 1.615 1997.31245452458 839.3551651809082
 1.616 1995.616675493618 838.7905400273042
 1.617 1992.789903768245 837.6421342538674
 1.618 1989.950732038375 836.6926087379494
 1.619 1987.646892083158 835.559137873907
 1.62 1985.941455798306 834.8120236928951
 1.621 1984.870602633534 834.6775005152516
 1.622 1980.499588314198 832.1150035460785
 1.623 1978.291947616868 831.0390835298427
 1.624 1977.574283814674 830.9005269132601
 1.625 1976.570527879711 830.6023184362668
 1.626 1975.476812478191 830.265455665994
 1.627 1971.948706339314 828.8964834298392
 1.628 1969.407101680662 827.2942465947264
 1.629 1967.464464719736 826.3835702774356
 1.63 1963.6585711487 824.4834257442594
 1.631 1960.558935587238 822.4336430748291
 1.632 1960.067769152885 822.0055705481934
 1.633 1958.850445973598 821.6060933542424
 1.634 1958.389685161594 821.086363767783
 1.635 1956.462532724166 819.8715442960621
 1.636 1954.864971144655 819.8761596550638
 1.637 1952.757398783769 819.4670717076849
 1.638 1952.5910194636 819.2264907778216
 1.639 1950.127503548473 818.5601885395763
 1.64 1947.361445373913 817.8049540740908
 1.641 1946.913899245594 817.0733955971812
 1.642 1946.160777699333 817.1345058541274
 1.643 1945.972017084335 816.6224424947178
 1.644 1942.000729226517 814.7265120794152
 1.645 1940.370060802954 813.570157946422
 1.646 1938.855089470949 813.4512603952127
 1.647 1937.499369387234 813.0186999182317
 1.648 1936.423053186031 812.5119466031173
 1.649 1936.009192693492 811.9590991418129
 1.65 1934.676080153638 812.1446184108198
 1.651 1932.489609788077 811.1537299843689
 1.652 1928.086049366565 809.3590436677949
 1.653 1925.463140883438 808.1632844392869
 1.654 1922.961264086432 807.1945520496304
 1.655 1922.275246362287 806.3751751254429
 1.656 1919.795619115232 805.7889974955166
 1.657 1916.854680929956 804.0626727790852
 1.658 1914.784539600307 803.4899859791045
 1.659 1912.33299520001 802.7416492680039
 1.66 1910.169550762664 801.6849361767834
 1.661 1906.581032722695 800.7375362242675
 1.662 1903.291189605329 799.4287451802369
 1.663 1900.959043041833 798.7350731866418
 1.664 1898.934250409221 797.754548381004
 1.665 1896.53371694763 796.2010485082192
 1.666 1894.959348893451 795.1120003166598
 1.667 1892.352423897299 793.8834373201798
 1.668 1889.67638309432 792.2108786410637
 1.669 1886.526979957425 790.3206775863653
 1.67 1886.188917643698 790.2639846693007
 1.671 1884.451930157614 789.6718377692557
 1.672 1882.495771009404 789.1401075553077
 1.673 1881.035705867692 788.5403642985314
 1.674 1878.656229922926 787.3562894624457
 1.675 1876.759099109787 787.1471994106112
 1.676 1875.744021198394 786.9012062828313
 1.677 1873.196315946876 785.7845710486457
 1.678 1871.205687661357 784.8232293077926
 1.679 1869.920858275218 784.8587451182933
 1.68 1867.866656655699 783.9190715258967
 1.681 1864.646655335182 782.7106574906721
 1.682 1863.199173543959 782.0994669961879
 1.683 1860.969189065243 780.870486604436
 1.684 1858.512928006475 779.6628323287625
 1.685 1855.858004720458 779.1251818934838
 1.686 1853.191406236343 778.4508132501163
 1.687 1849.794879131176 777.4761794998793
 1.688 1847.201752659837 776.3842754911961
 1.689 1846.14420753441 776.256239459209
 1.69 1845.06770333676 775.1013627249727
 1.691 1843.920498200567 774.0066808348545
 1.692 1841.543955669579 773.3061782899741
 1.693 1840.547910230389 772.5941291999246
 1.694 1839.455517759485 772.1695870660188
 1.695 1836.685676749836 770.9299152891937
 1.696 1835.305851012797 770.5922574173482
 1.697 1833.16519088302 770.0147417147773
 1.698 1829.521600390811 768.6894597688445
 1.699 1826.305506117274 767.9498836600742
 1.7 1823.639222183893 766.46136435776
 1.701 1822.184164984343 765.1305702004147
 1.702 1819.678347729182 764.2327380825274
 1.703 1817.296603159219 763.2257357819556
 1.704 1815.031512830548 762.4475862534745
 1.705 1812.451232483069 761.4278013805456
 1.706 1810.606984353486 761.0986166476002
 1.707 1809.473928292978 761.203724121181
 1.708 1807.452034225981 759.7734541026547
 1.709 1805.035689572602 759.1971082129334
 1.71 1802.672946873368 758.707033419342
 1.711 1802.14765759627 758.5102723856138
 1.712 1799.716827308925 757.3688590068609
 1.713 1797.345851243543 756.3384013535556
 1.714 1794.058360450743 755.5592005964884
 1.715 1791.40104515672 755.0058708479235
 1.716 1789.436634330105 754.4874710385423
 1.717 1787.109406260953 753.3915012345619
 1.718 1785.56779615551 753.2659015748485
 1.719 1782.958462910916 751.8133383870048
 1.72 1780.866132029447 751.3895445802701
 1.721 1777.683217299401 750.130681096901
 1.722 1774.600211800434 748.7978684644524
 1.723 1772.827576303455 748.3062493820144
 1.724 1770.590631971677 747.9509048804697
 1.725 1768.665386043943 747.1716385286778
 1.726 1765.884071775179 745.5081758307647
 1.727 1764.819638605017 744.9704958681484
 1.728 1763.865105850733 744.5933300951127
 1.729 1762.416005497867 743.9502193561265
 1.73 1760.151558472591 742.6885654196677
 1.731 1758.926927090195 742.6987571717397
 1.732 1757.835360655509 742.1641260008342
 1.733 1757.719959771236 742.0930666527795
 1.734 1755.786877134075 741.8946894218271
 1.735 1753.593431586324 741.7345553128924
 1.736 1753.162436910596 741.978311066356
 1.737 1750.954077515528 741.3424148950053
 1.738 1748.931380454459 740.9496836394702
 1.739 1746.400731478561 740.1223688384117
 1.74 1744.419174916793 739.1900323871596
 1.741 1743.230688065561 738.4684770688669
 1.742 1741.317574988017 738.120850922125
 1.743 1741.844967584603 738.3497366676353
 1.744 1741.329263797716 738.4907134942857
 1.745 1738.59205572558 737.7093586361578
 1.746 1737.090140272373 737.4836466400535
 1.747 1733.337205327268 736.0004564120544
 1.748 1731.627484623399 735.119701602804
 1.749 1729.288168802954 734.2733220252329
 1.75 1727.693067971331 734.0995222031245
 1.751 1727.404534771264 734.3933117901375
 1.752 1725.037419504853 733.1315187910786
 1.753 1725.145876231849 733.1135223365899
 1.754 1722.72547125383 731.930682559928
 1.755 1720.854863471451 731.9388079954883
 1.756 1719.005435450164 731.4322060858576
 1.757 1716.318234487415 730.7502902361704
 1.758 1713.485151806197 729.8363132595171
 1.759 1710.098968789857 728.4414384642261
 1.76 1708.309951479207 727.9781996773062
 1.761 1706.622506248007 727.7462174761839
 1.762 1706.96737097593 727.846760130298
 1.763 1704.872109308043 727.6446444267445
 1.764 1703.952990395074 727.3819539714963
 1.765 1703.202008521949 727.1523680107034
 1.766 1703.863302381094 728.0382553009546
 1.767 1702.528744725517 728.1579835134656
 1.768 1700.322528236387 727.7810615784706
 1.769 1698.522731918774 727.5426288392083
 1.77 1695.443127087246 726.7807255517856
 1.771 1692.773837050008 726.4711469092737
 1.772 1691.476405614598 726.0442591201826
 1.773 1691.002799903005 725.3456559208144
 1.774 1688.460933520547 724.4481954557795
 1.775 1686.983537087936 723.50283361558
 1.776 1685.527823004028 723.0697717040713
 1.777 1684.366227509058 722.4819852033639
 1.778 1682.449218897993 721.9936341724276
 1.779 1681.264189956741 721.2072622235453
 1.78 1680.093339056744 720.6885154393118
 1.781 1677.368605354955 719.7583365006845
 1.782 1676.65337762717 719.1905070979366
 1.783 1676.210041266713 718.8999456940365
 1.784 1676.153636620515 718.8738346312364
 1.785 1674.662778298081 718.9732136348318
 1.786 1673.610269074186 718.6777603832843
 1.787 1672.014814983292 717.7186151772145
 1.788 1670.38954899741 717.5755627118344
 1.789 1668.949196414071 717.9715993754616
 1.79 1669.243938540664 717.2636688268946
 1.791 1667.776906883329 716.8801169969018
 1.792 1665.088021404633 716.0961664662416
 1.793 1663.174125767044 715.332132323751
 1.794 1662.809384258042 715.1163978888233
 1.795 1660.790915543037 715.0864841305598
 1.796 1658.859397665739 715.6650333798914
 1.797 1656.793211688536 714.7315004723524
 1.798 1654.988539734384 714.7671477952648
 1.799 1654.752101026947 714.1060640887727
 1.8 1652.921834268281 714.0054977133689
 1.801 1652.765183026373 713.9588995075053
 1.802 1650.888679426082 713.2452096443806
 1.803 1647.983448837478 712.8636881304486
 1.804 1646.444204727938 712.6514628364406
 1.805 1644.990414652371 712.0050626733106
 1.806 1642.666612443611 711.0843994516449
 1.807 1642.312575096495 711.075571826244
 1.808 1640.079392469575 710.225558555952
 1.809 1639.041401891475 710.0808251494276
 1.81 1637.162418714129 709.7646288484772
 1.811 1634.863158735551 708.4311313602672
 1.812 1633.340868390946 707.6778682146361
 1.813 1632.701680325855 708.0185298927576
 1.814 1630.729912222682 707.3022208435818
 1.815 1629.121779846757 706.7840211881551
 1.816 1627.249063199191 706.2867817002128
 1.817 1626.943848408685 706.3285390429878
 1.818 1625.188959338307 705.2088968148315
 1.819 1624.047331467579 705.6792802971798
 1.82 1620.389286310082 703.7510632561862
 1.821 1618.289589991157 703.9943796442421
 1.822 1617.204608734311 703.3858819071545
 1.823 1615.742614410924 702.7064451599167
 1.824 1615.611041523872 702.7378016956707
 1.825 1613.63948058167 702.643424110554
 1.826 1611.466748936132 702.4307890285245
 1.827 1610.466848097088 702.0386458230356
 1.828 1609.140396885159 701.7696399282183
 1.829 1607.840283055943 701.2447931324027
 1.83 1606.360792803969 700.7121503020047
 1.831 1604.111353629271 700.3517766095537
 1.832 1602.955034601044 699.6120867284397
 1.833 1601.707797498552 699.422636196594
 1.834 1599.276854937803 698.2229025713762
 1.835 1597.146766713212 697.5852747576766
 1.836 1596.721656498772 697.501710884117
 1.837 1594.340468686904 696.9769701743473
 1.838 1594.041057885355 697.1778389193703
 1.839 1592.412551802606 696.1974965923084
 1.84 1590.661821166513 695.5800263506148
 1.841 1589.164557142288 695.1739711436362
 1.842 1587.194426636378 693.8187004047637
 1.843 1585.658990260309 693.0179058630998
 1.844 1583.552995572982 692.3891554569848
 1.845 1582.48598215133 691.6536162095375
 1.846 1580.889340540854 690.7912774959159
 1.847 1579.027468912853 690.9821129794419
 1.848 1577.763549220165 690.5145849231549
 1.849 1576.554799492864 690.115134707175
 1.85 1575.822356867381 689.8175433005991
 1.851 1574.857043165518 689.6178731829176
 1.852 1574.50289820165 689.9629198962242
 1.853 1572.131988003871 689.4523842612668
 1.854 1569.279034603121 688.0163470455321
 1.855 1567.021101280862 687.3319510315954
 1.856 1565.26789956069 686.7840182078154
 1.857 1564.169198958368 686.0657278399009
 1.858 1562.195990024356 685.2824627442031
 1.859 1560.845010459427 685.3859754450544
 1.86 1559.85967233163 685.3241711142425
 1.861 1559.446318842492 685.1667930901659
 1.862 1556.794811378288 684.0404603682872
 1.863 1554.559927511531 683.4415403251077
 1.864 1552.474162530908 682.7532747734111
 1.865 1550.308159028204 681.2213775305578
 1.866 1548.681103178088 680.8938830370359
 1.867 1546.568638626842 680.8174975212692
 1.868 1545.513660566382 680.3600828616168
 1.869 1545.867716851443 680.8636333580401
 1.87 1542.636340867598 679.8572918464913
 1.871 1541.06107414957 679.4552841588703
 1.872 1538.83004534954 678.3772032056725
 1.873 1537.326296687065 678.5849004501645
 1.874 1536.96111130778 678.1722568972591
 1.875 1536.525440865308 678.5552033896078
 1.876 1535.269556143486 678.9084524890836
 1.877 1533.748766592907 677.9877173256101
 1.878 1532.381717145583 677.7305020487487
 1.879 1531.843150038674 677.3511405437243
 1.88 1529.454591017329 675.3862846640246
 1.881 1528.17406950282 675.1661347471913
 1.882 1526.951811872183 674.0472400141948
 1.883 1526.007550746685 673.8583507269153
 1.884 1525.308956996475 673.28436535888
 1.885 1524.086482133566 672.5832949219919
 1.886 1521.484038219379 671.9103537522975
 1.887 1519.852921785318 671.0371766402351
 1.888 1519.059650475798 670.5945326331638
 1.889 1516.466799254904 669.8295795141238
 1.89 1513.091625324154 668.952812362706
 1.891 1511.023442014089 668.1261804455777
 1.892 1508.280688063915 667.6680780386271
 1.893 1506.957482452269 666.9437704776639
 1.894 1505.656493966995 666.3955602946742
 1.895 1503.508451825119 665.3776981775943
 1.896 1503.054194392449 664.8095137422127
 1.897 1500.938632913016 664.937527795631
 1.898 1498.316855195743 664.080874624573
 1.899 1497.407423422681 664.0221130443769
 1.9 1496.188822695983 663.2976685466494
 1.901 1495.428028396395 662.8441506074174
 1.902 1494.493227547873 662.3175491819924
 1.903 1493.009684745997 661.7325909045701
 1.904 1492.06729832563 661.3285526420343
 1.905 1491.031413336269 661.3146128422724
 1.906 1491.703033797274 661.7041955007674
 1.907 1491.061934802932 661.3019978732938
 1.908 1490.651852022905 661.4682520139188
 1.909 1488.463393636049 660.5278960764799
 1.91 1485.656670894773 659.1212614471991
 1.911 1483.220159591537 658.8527785593501
 1.912 1480.925082592257 658.7853730123658
 1.913 1478.718519112205 658.0100172680748
 1.914 1478.276583140103 658.5103066712369
 1.915 1476.291829169926 657.4964745667814
 1.916 1474.585626147489 657.7024267479928
 1.917 1473.268434173813 657.3335515923754
 1.918 1472.800712423917 657.6615590813557
 1.919 1471.072858673245 656.8306706278025
 1.92 1469.330523333377 656.0835302818457
 1.921 1467.75776671944 655.3679209727699
 1.922 1465.033674128576 654.9336827214204
 1.923 1464.39153523792 654.5043290250961
 1.924 1463.008303140134 654.442915344463
 1.925 1462.254177960316 654.2789759036351
 1.926 1460.595682365132 653.981650095909
 1.927 1458.995477014646 653.8084277997388
 1.928 1456.653488009506 653.627573219408
 1.929 1454.018073882978 652.1934315741065
 1.93 1453.11461820889 651.9810350399412
 1.931 1450.778330779253 650.7356164420861
 1.932 1448.80522436429 649.7021211438038
 1.933 1446.558852833094 649.5844099395351
 1.934 1444.305795295426 649.6374219494078
 1.935 1443.072632308245 649.3144910007539
 1.936 1442.959362195466 649.4411909959127
 1.937 1443.86181665368 649.991080394512
 1.938 1441.63538660562 649.6571555035348
 1.939 1438.735555875884 648.9025585411719
 1.94 1436.985912677206 648.6424846943629
 1.941 1436.099801133138 648.4612629855706
 1.942 1435.394649977578 648.9458605694713
 1.943 1435.195360270479 648.8747654761702
 1.944 1433.85843886202 647.8698127584908
 1.945 1433.613951099397 647.2942241626185
 1.946 1432.926103634797 646.9705661710492
 1.947 1429.941667081533 646.7855875575448
 1.948 1429.43990118266 647.08548869821
 1.949 1428.804932006404 646.6113945005944
 1.95 1428.355955305301 647.1038935531908
 1.951 1428.551004333282 647.6886311134515
 1.952 1425.635949290396 646.7893393511767
 1.953 1423.287071666383 645.5877272738312
 1.954 1422.496686726767 645.7234544401829
 1.955 1420.288596068737 645.6998303847004
 1.956 1418.28761130911 645.146603911955
 1.957 1416.337290768567 644.600334665715
 1.958 1417.438551582879 644.9316252231307
 1.959 1415.623316182982 645.0587284819351
 1.96 1413.890524415256 644.3047112604966
 1.961 1411.232072182265 642.4055126410625
 1.962 1409.877323232325 641.66152523449
 1.963 1408.042419612573 641.3546594899848
 1.964 1407.773626384542 641.3062590154876
 1.965 1404.500327219499 640.5704097879187
 1.966 1403.052459104581 640.3892297943033
 1.967 1401.781008696214 640.2208370408858
 1.968 1401.246948520745 640.2194998571318
 1.969 1399.041745828305 638.5117122971084
 1.97 1398.063228419046 638.2077959436091
 1.971 1397.747871896719 638.8372708729478
 1.972 1394.969405650498 638.2896207884285
 1.973 1392.929725645793 637.7572973424021
 1.974 1392.312650336815 637.9212687465815
 1.975 1390.225394523185 637.1937071635053
 1.976 1389.553039339756 637.1535098811759
 1.977 1387.061041263862 636.7232017973586
 1.978 1387.524611405762 636.9230391992533
 1.979 1385.511322814519 636.5591495584266
 1.98 1384.394818257167 636.4142023237769
 1.981 1382.822254264279 636.3045842865852
 1.982 1381.136879407511 635.560161350528
 1.983 1381.808615985604 635.9464370493165
 1.984 1380.206499423789 636.1116810832061
 1.985 1377.636276377335 635.6254527039351
 1.986 1375.50915030693 635.417927685414
 1.987 1374.353842268131 634.5195551636608
 1.988 1373.116969778535 634.8741385843011
 1.989 1371.039902166052 633.8022035154812
 1.99 1370.553568238116 633.8286623389372
 1.991 1367.496987413564 633.3927362438417
 1.992 1365.137676579492 632.5119971490552
 1.993 1364.011816111587 632.33987966733
 1.994 1361.33265743799 632.152684118767
 1.995 1359.469109839288 631.5201724378702
 1.996 1356.891579251695 630.628761530396
 1.997 1354.833810310497 630.063415012488
 1.998 1353.523002672504 630.2120394189726
 1.999 1350.927720113862 629.9145012185602
 2 1349.55900716715 629.2851136966366


