# Created by Octave 3.8.1, Tue Jun 06 02:44:33 2017 CEST <wohlrath@yumyumpc>
# name: s
# type: matrix
# rows: 1000
# columns: 3
 0.002 1000 1000
 0.004 997.9212975405027 996.0229433856391
 0.006 996.1121099523232 992.5824234527447
 0.008 993.7382628638957 988.0143351604935
 0.01 991.156003193932 983.077190655456
 0.012 989.1679426275791 979.3301160748304
 0.014 986.4911569083455 974.2463806939828
 0.016 984.4824163969743 970.5027808286885
 0.018 981.9881654092677 965.7410239043187
 0.02 979.913790912969 961.8278421261921
 0.022 977.8891300334974 957.9882734420344
 0.024 976.21574828659 954.9412129595411
 0.026 973.9079536122568 950.6535586211465
 0.028 971.613929514033 946.3427015255697
 0.03 969.4752907065318 942.3610292803646
 0.032 967.0009942822214 937.7665023366987
 0.034 964.9102950195189 933.910885855012
 0.036 962.750273733161 929.964782087938
 0.038 960.7563051810218 926.2851552784998
 0.04 959.4910944099698 924.0021175610874
 0.042 958.1878665368233 921.5822787791886
 0.044 956.4224144289731 918.3587668570378
 0.046 954.5980152886077 915.1267064652035
 0.048 953.6042033804616 913.4383433198261
 0.05 951.1632089604968 908.9524084679393
 0.052 949.4773604574656 905.9229856680869
 0.054 947.4612185167151 902.1748929046539
 0.056 946.2073173000292 899.967657185712
 0.058 944.3310804592602 896.5273206555702
 0.06 942.6764604506087 893.6861096172084
 0.062 940.0544846969475 888.9174550284257
 0.064 938.0499338382125 885.3527842219879
 0.066 936.326519067553 882.1685950384694
 0.068 934.269414581297 878.4274156789609
 0.07000000000000001 932.9637556822124 876.0338851982297
 0.07200000000000001 931.2344747633526 872.9940853175021
 0.074 929.1843330896229 869.3165358838268
 0.076 927.3196848145144 866.0072004151888
 0.078 924.6726515582592 861.1777957475261
 0.08 922.9565018088977 858.1605103683389
 0.082 920.6751480913075 854.0792438460679
 0.08400000000000001 919.2753365158975 851.6726919656661
 0.08600000000000001 917.368418325133 848.3472695293433
 0.08799999999999999 914.9831189137434 844.0398079306046
 0.09 913.664488687844 841.8015644961993
 0.092 911.7686240292338 838.4734783469114
 0.094 910.5446682108299 836.5676810109179
 0.096 908.7702208860273 833.4170496969396
 0.098 907.5670252282938 831.3577719278181
 0.1 905.6998251961228 828.1499782077857
 0.102 904.0300514267099 825.221481408659
 0.104 902.0527190654436 821.696967168869
 0.106 899.9729096120697 817.9659593297389
 0.108 897.7098359763031 814.1572381951677
 0.11 896.3458718022238 811.8029453839804
 0.112 895.0264629212969 809.4828124843616
 0.114 893.1019613475107 806.1360533204811
 0.116 891.5779850613001 803.5566656212173
 0.118 889.8709994617838 800.6662258999269
 0.12 888.3971570826136 798.1137133884314
 0.122 886.6921143623434 795.2157583305811
 0.124 884.9345896489533 792.1690030313937
 0.126 882.8759121665614 788.5355161927912
 0.128 881.3031171290748 785.9661738602952
 0.13 879.8178256911358 783.4645204634789
 0.132 878.2157476981452 780.6920110494463
 0.134 876.8080869061141 778.2972820823586
 0.136 875.0305209035146 775.458049975306
 0.138 871.8712581715475 770.1497838966205
 0.14 869.9482603773228 766.8867936079381
 0.142 868.344130126441 764.1955991711584
 0.144 865.9083212024561 760.1640980540216
 0.146 863.771208952163 756.5661290371863
 0.148 861.8444678581528 753.5182450549744
 0.15 860.7646081347129 751.6597959503451
 0.152 859.4297247155354 749.5136636352938
 0.154 857.4783836471221 746.2562912267958
 0.156 856.6186680738299 744.985285168736
 0.158 854.9282530396843 742.2870430683824
 0.16 852.9368862480967 738.9807062150298
 0.162 851.5809972231523 736.8081137990285
 0.164 849.8967824694389 734.1991785593194
 0.166 847.5826212286958 730.3955431620074
 0.168 845.4837856593916 726.905036711079
 0.17 843.5535915250413 723.7133552104061
 0.172 841.9505139729581 721.1536607444841
 0.174 840.2007803526704 718.3625992919738
 0.176 838.0517561939662 715.0115844353791
 0.178 836.0272794648148 711.7678438492703
 0.18 834.5644694354168 709.3887490332047
 0.182 833.4071491758964 707.6409488146223
 0.184 831.5310650598052 704.5652527006228
 0.186 829.6960930411935 701.6644496262841
 0.188 827.9897096018725 699.0392321961357
 0.19 825.8728487453928 695.7459135139328
 0.192 823.9402860577651 692.7599800738964
 0.194 822.3578799643535 690.4436435281915
 0.196 820.5272269255923 687.5380932922333
 0.198 818.7968200348132 684.828004730909
 0.2 816.7022203310877 681.5124848264506
 0.202 815.1731154200926 679.213451734502
 0.204 813.0468033158862 675.9483666933929
 0.206 811.61236285185 673.6674836565163
 0.208 810.1992735796699 671.6072653570445
 0.21 808.3074664267301 668.8471780210089
 0.212 806.849858049221 666.6711452452731
 0.214 804.8715555366592 663.6414680963728
 0.216 803.4140922037345 661.5285415035615
 0.218 801.8981539124336 659.1811408453111
 0.22 799.9517931972694 656.3007645246136
 0.222 799.1588364638735 655.2881816268989
 0.224 797.2754721192434 652.3922718771825
 0.226 795.8004513900513 650.4303629940326
 0.228 794.0236013917306 647.7358434175048
 0.23 792.1924950963851 644.9861712842411
 0.232 790.4358406768147 642.2888253926347
 0.234 789.5803441069423 640.8992078032505
 0.236 787.8683093469326 638.3907990487149
 0.238 786.6545848157591 636.4205344473642
 0.24 784.6277995263323 633.243274104945
 0.242 782.2109370536467 629.7443545524685
 0.244 781.1773592000629 628.4809105942031
 0.246 779.8906198775725 626.5625044129648
 0.248 778.7506783212148 624.8293128890333
 0.25 777.8762522130667 623.371845293189
 0.252 776.1142522949368 621.0163634372891
 0.254 774.4561234147183 618.5889235634431
 0.256 773.216179363175 616.7071114140974
 0.258 771.4733323821418 613.9425956035871
 0.26 769.4014817873789 610.6990718630763
 0.262 768.2854593747415 609.0842135245986
 0.264 766.5086610700939 606.6119572804459
 0.266 764.8087954701956 604.1392757433376
 0.268 763.3463713323362 601.8902612471039
 0.27 761.800931189206 599.592924206529
 0.272 760.2751284635411 597.3492571106633
 0.274 758.5678702651088 594.8880782127434
 0.276 755.9982030694467 591.091555462376
 0.278 754.0395735044904 588.4183166263946
 0.28 752.0410092612478 585.3793011178738
 0.282 750.7147265642899 583.4470916327281
 0.284 749.5319602373444 581.8918553355717
 0.286 747.6586882645046 579.2880416932635
 0.288 745.9761442103858 577.0804589149299
 0.29 745.0944622545497 576.1792485295674
 0.292 744.0997327131279 574.9123565555243
 0.294 741.746981977346 571.4638822449149
 0.296 740.1470130838397 569.1229077930254
 0.298 738.8678733549034 567.368170554364
 0.3 738.0200159126382 566.1547919745383
 0.302 737.0342220981295 564.882857192805
 0.304 735.7880311689875 563.0905257932062
 0.306 734.369308602837 561.0160413822092
 0.308 732.6507759490737 558.6890729402528
 0.31 731.1173045862713 556.5676000362628
 0.312 728.971056755518 553.3860484917394
 0.314 727.1876458319504 551.0696179351286
 0.316 724.5921220426064 547.50012504683
 0.318 722.9240206930358 545.0321893393913
 0.32 721.437852135947 542.8370353448784
 0.322 720.8323565072354 541.9432807768688
 0.324 719.3924160791577 540.0952475676627
 0.326 717.6934853506676 537.6667481825561
 0.328 716.6880348169188 536.2716552768712
 0.33 715.9460229734045 535.4270766816779
 0.332 715.2567005963828 534.3023017568009
 0.334 713.579016546143 532.1187187597114
 0.336 712.7926693739918 531.0811417099479
 0.338 711.8743389195321 529.9201111690156
 0.34 710.2057878939582 527.7081417576856
 0.342 708.6669890205004 525.6061584026501
 0.344 706.9461095063017 523.1967237285118
 0.346 706.194412612081 522.3401016043091
 0.348 704.6770189884525 520.3082666888755
 0.35 703.4172645073061 518.5151199187926
 0.352 701.9981290520603 516.5484588399406
 0.354 701.3320062422307 515.5998586336937
 0.356 700.4741854468058 514.4994843001027
 0.358 698.612237178443 511.8574146599358
 0.36 697.450799299326 509.9952000645662
 0.362 696.1176250553598 508.3981320961364
 0.364 694.6660558863178 506.5453045500996
 0.366 692.8408884897669 504.1744165932373
 0.368 691.4885366887047 502.5801251622144
 0.37 690.4713384510318 501.1744329371971
 0.372 689.0132299263967 499.0966078778509
 0.374 687.8345339852669 497.5139031357893
 0.376 686.309543921713 495.3335378307358
 0.378 685.6313714235537 494.4706050770845
 0.38 685.0430397897956 493.9859457683798
 0.382 684.4551223482101 493.2519548261722
 0.384 682.9155423397069 491.1746078068937
 0.386 681.4922503135364 489.4797789030272
 0.388 679.6487935162058 487.1436216123607
 0.39 678.8475464047582 486.2867216345487
 0.392 677.2370565362396 484.0091936847117
 0.394 675.0682258974862 481.3205195965857
 0.396 673.647897947374 479.7403203163007
 0.398 672.6689678416558 478.1988990669252
 0.4 671.3394692300891 476.6550450041718
 0.402 669.7143696541642 474.714597927675
 0.404 667.9808858619771 472.5286355842815
 0.406 666.5565592737789 470.4731089466122
 0.408 665.1996747673137 468.8095891967189
 0.41 663.6816304315938 467.0817161267631
 0.412 662.0193112990435 464.622286581989
 0.414 660.6453383976651 463.0000242033644
 0.416 659.5612627854448 461.6769292901628
 0.418 658.7615205873075 460.7473107872045
 0.42 656.9508151453942 458.6514941758837
 0.422 656.0674911917283 457.5064602880275
 0.424 654.8419230142161 456.0533888844757
 0.426 653.3343480411901 453.8947037192483
 0.428 651.4029697999808 451.6335772144423
 0.43 649.8369702452101 449.7776600684837
 0.432 649.0973802496191 448.8014779488519
 0.434 646.9532073010903 445.9128356456265
 0.436 645.9918370114418 444.8472711928583
 0.438 645.0911526939944 443.7216065196797
 0.44 643.7668474899773 442.0170291088213
 0.442 641.5559852066135 439.1187150907078
 0.444 640.7875265101007 438.1929020256138
 0.446 639.4181219773371 436.5823865117752
 0.448 638.125396234945 435.1114993206382
 0.45 636.9210492753551 433.5672666180033
 0.452 636.0340033284241 432.2892478046618
 0.454 634.2448161370842 430.0287975371189
 0.456 633.3016842486111 428.6954586721939
 0.458 632.5169364100944 427.8022320148064
 0.46 631.3468243502221 426.5053427788962
 0.462 630.3856235983257 425.4061095777278
 0.464 628.7401807744812 423.329685894079
 0.466 626.9054434393612 421.1522292533235
 0.468 626.0307417454759 419.8910241709592
 0.47 624.4980065257333 417.9713302642231
 0.472 623.5422953496527 416.9456139723256
 0.474 622.6039099324495 415.9100236348658
 0.476 622.0313322544332 415.0887158103439
 0.478 620.8072820484143 413.8559499658649
 0.48 619.8088214431066 412.892571520409
 0.482 618.566303515505 411.4811087302518
 0.484 617.1132858286884 409.8587847562532
 0.486 615.988062294823 408.7775007343852
 0.488 615.2345844036071 407.9490269163881
 0.49 614.1584374255888 406.7187153258831
 0.492 612.692181159333 405.1174925675979
 0.494 611.0692916606561 403.2247288517344
 0.496 609.7455341855856 401.7740667604328
 0.498 608.1083489816718 399.7245108865133
 0.5 606.7110878440175 398.2771621486595
 0.502 606.2093426602411 397.5982230816895
 0.504 605.4342965682921 396.689455129819
 0.506 603.9309332354002 394.8998862332053
 0.508 602.8039346359143 393.6809825062641
 0.51 601.7306706366132 392.6570776556589
 0.512 600.5883002629683 391.6593131434778
 0.514 598.6850005593133 389.4091710520963
 0.516 597.6203913222345 388.0411331356199
 0.518 596.4362071255271 386.6337824927143
 0.52 594.6714976812003 384.4803493274115
 0.522 592.9382954914281 382.6222036877624
 0.524 592.3190321258596 381.9809659263088
 0.526 591.0083728147256 380.2691191822091
 0.528 590.7851062271957 379.7427735981892
 0.53 589.1103418005489 377.8506103247326
 0.532 587.7518139907606 376.3023468998912
 0.534 586.8353876244493 375.3512163761804
 0.536 585.2779362663152 373.3356958878387
 0.538 583.8504848901673 371.8266212933319
 0.54 582.8469596551124 370.8236167405619
 0.542 582.1912583006629 370.0124152722756
 0.544 581.0658494744305 368.551948260945
 0.546 580.1533189075336 367.9372637815263
 0.548 579.3802093420012 366.9644452693922
 0.55 578.1472052727983 365.7180735764562
 0.552 576.8734767608166 364.1052378893311
 0.554 575.0770637421513 361.9796363880741
 0.556 574.3623466277145 361.1103611794852
 0.5580000000000001 573.6032249306884 360.1706441206699
 0.5600000000000001 572.6689657231692 359.1622622216308
 0.5620000000000001 572.128353251042 358.614121280253
 0.5640000000000001 571.2961771183889 357.6228240520138
 0.5660000000000001 569.4239189467951 355.5055541366699
 0.5680000000000001 568.0380509728321 353.7391719913346
 0.5700000000000001 567.5646094346645 353.2781630047254
 0.5720000000000001 566.1712967692744 351.6420055915713
 0.5740000000000001 565.0789204717618 350.7070371111014
 0.5760000000000001 562.9358135733564 348.2301021866412
 0.578 561.9116947408198 347.1219262545512
 0.58 560.3634646800589 345.378040820688
 0.582 559.9628958433749 344.8762858008934
 0.584 558.9061609905594 343.7104535271598
 0.586 557.9378017662034 342.8855335940583
 0.588 556.7036380809216 341.2201146492028
 0.59 555.7667672093467 340.242783882431
 0.592 554.3928678090958 338.741538705533
 0.594 552.984462956436 337.1921104880141
 0.596 551.2133615110058 335.3377821483807
 0.598 549.8945107869758 334.1124920911557
 0.6 549.8367700879627 333.928148895084
 0.602 548.6914476530668 332.5475902959896
 0.604 547.8958462441897 331.5487208548901
 0.606 547.5283154008334 331.3274687402292
 0.608 546.3245313440093 330.1680131689579
 0.61 544.704333528789 328.6717616924228
 0.612 543.1358893372851 326.9373916183953
 0.614 542.1656347430323 325.9760573665969
 0.616 541.0815048411088 324.7393432004397
 0.618 540.3887616806257 324.1360263617104
 0.62 539.2157442725021 322.9787715667366
 0.622 538.2467343676062 322.2410791009074
 0.624 537.2552184584528 321.3670921580012
 0.626 535.552307281547 319.7516134477875
 0.628 535.3962558619164 319.6779021643808
 0.63 534.5156854618679 318.7414898818839
 0.632 533.8030366048503 318.0870602740674
 0.634 533.0031841895059 317.4691588702665
 0.636 532.5784829810794 317.2454306419389
 0.638 531.4208029318802 316.238558623907
 0.64 531.0701798287945 315.7807474331087
 0.642 529.8181505724564 314.4642093255058
 0.644 529.0208188150768 313.9355106941605
 0.646 528.039913261372 312.9271870432169
 0.648 526.9194329997794 311.9024004870592
 0.65 526.0146533512224 311.251920461652
 0.652 524.7505183675804 309.9905319566046
 0.654 523.2871789321373 308.3126019627137
 0.656 522.7346724878461 307.7964358786003
 0.658 522.5351722891996 307.6912269713782
 0.66 521.8509596565336 307.2143827850816
 0.662 521.4973551375022 306.9607949503434
 0.664 520.8344555407112 306.1432442380689
 0.666 519.7529214114776 305.1950507090356
 0.668 518.7780634406433 304.2353061292895
 0.67 517.726805951389 303.2654751901147
 0.672 517.2854587090773 303.0185403060041
 0.674 515.8549821913097 301.5884314850966
 0.676 514.8148010113247 300.3455225982229
 0.678 514.1048510707831 299.594318280495
 0.68 513.2142747715017 298.6718201042153
 0.6820000000000001 511.9700223503249 297.3915050632539
 0.6840000000000001 511.6508775877732 297.3295478516731
 0.6860000000000001 510.7191329623374 296.2524420405239
 0.6880000000000001 510.1061021545831 295.8350945366049
 0.6900000000000001 509.1387151057013 295.0026899511173
 0.6920000000000001 507.3184341040773 293.3756401805445
 0.6940000000000001 506.236237058496 292.3053625924175
 0.6960000000000001 504.9389467560918 291.2647618064681
 0.6980000000000001 502.933583793648 289.1848169997148
 0.7000000000000001 501.5189215455425 287.5108423077946
 0.7020000000000001 500.7545562674902 286.6716459181303
 0.704 499.587495223304 285.444671977252
 0.706 498.8861633631166 284.9982354944892
 0.708 497.1995137451065 283.3667348054233
 0.71 496.4315990244929 282.7114127179289
 0.712 494.9758944820447 281.1874723064602
 0.714 494.4712330959238 280.3398660466332
 0.716 494.3741147537241 280.4046904931938
 0.718 494.112365112721 280.074696706587
 0.72 493.2296351528966 279.4144251927631
 0.722 492.4157950728354 278.3135543001808
 0.724 491.6280645713238 277.3747731723373
 0.726 490.1606422785645 276.0726460530382
 0.728 489.1563595977829 274.874849118272
 0.73 488.4408498513925 274.2614305414031
 0.732 488.2574319173311 274.4894788873823
 0.734 487.0471008749076 273.082452677804
 0.736 486.0517814859122 272.43500972005
 0.738 485.2769563186222 271.5738528937598
 0.74 484.119161400872 270.2850026027937
 0.742 482.6337576862424 268.8630972540668
 0.744 482.1711591097368 268.4721505398315
 0.746 481.0833734923599 267.707167190398
 0.748 480.310097515958 266.7913010554161
 0.75 479.111858967615 265.7593088516387
 0.752 478.2570887354529 265.2297254371651
 0.754 476.9405963004183 264.2248991434768
 0.756 475.4886920443516 262.8982909571891
 0.758 474.5991494530741 262.1308207560179
 0.76 472.9646875985706 260.6024221894914
 0.762 472.0874239745186 259.8410195351102
 0.764 471.4304497135504 259.4079484568795
 0.766 471.5342257048365 259.3264103914092
 0.768 469.9803970437335 257.745692092616
 0.77 468.5732110764912 256.0478500390373
 0.772 467.0969245643443 255.0767625122658
 0.774 466.1058309669358 254.3065922766497
 0.776 465.4258486137274 253.7377985382295
 0.778 464.5393701898774 253.1475794821208
 0.78 463.6566863191852 252.3943126677885
 0.782 462.0542957720649 250.7986948998344
 0.784 461.0020541915129 249.5365527594365
 0.786 460.1529230244856 248.4811133492076
 0.788 459.1942864901896 247.7484156431452
 0.79 458.0639404360464 246.8140597501502
 0.792 457.0876431161014 246.3067599141428
 0.794 456.1948159788907 245.7925741555451
 0.796 455.8520193831977 245.4455470089428
 0.798 455.1762828411129 244.9708990985347
 0.8 454.5777070061984 244.489964531912
 0.802 453.858485535266 243.7466911001484
 0.804 452.9131910448231 243.0743741078634
 0.806 451.521623353444 241.6175414633703
 0.8080000000000001 450.73907351027 240.8470428235729
 0.8100000000000001 450.8521582039269 241.4006161844826
 0.8120000000000001 450.3266753840425 240.9457558921492
 0.8140000000000001 449.5649402061857 240.4279271226367
 0.8160000000000001 448.527005259441 239.6947850741695
 0.8180000000000001 447.50639564144 238.9653055492692
 0.8200000000000001 446.477983568858 238.2729456589556
 0.8220000000000001 444.7942225427984 236.7015282685514
 0.8240000000000001 443.4080648405279 235.6190666861621
 0.8260000000000001 443.1823109119769 235.5369641418587
 0.8280000000000001 441.6061831322126 234.2227328114464
 0.8300000000000001 440.5251170079752 233.332292322603
 0.8320000000000001 439.9552290059738 232.9320562948945
 0.834 439.4920721614258 232.6211537012007
 0.836 438.8472581174049 232.2541688451459
 0.838 437.5059792653743 231.1499810965515
 0.84 437.1262172977499 230.749710666007
 0.842 436.2597615040731 229.7868270671284
 0.844 434.8143611330746 228.5528791704326
 0.846 433.8526907673709 228.0855229375468
 0.848 432.5422890234144 227.1061665248276
 0.85 431.7173310810295 226.417863643529
 0.852 430.1638170713839 225.1926272136392
 0.854 429.4668945631992 224.5299972548431
 0.856 428.7657746904983 224.2222226425872
 0.858 428.223697851633 223.7634713237948
 0.86 427.889425408256 223.3935480418933
 0.862 427.3941656479964 222.8527462823923
 0.864 426.739755718281 222.2415763795587
 0.866 425.9426407696625 221.5620593231474
 0.868 424.4255053831249 220.1177694788725
 0.87 423.5981843811737 219.3410187638706
 0.872 422.7599416341869 218.7351185923056
 0.874 422.4426926389203 218.2409160320163
 0.876 421.9756957721471 217.8979496526271
 0.878 421.0505937683173 217.1915321965203
 0.88 420.371888945358 216.910811118106
 0.882 419.7353935336164 216.4248702326738
 0.884 418.6443451575017 215.6321270828368
 0.886 417.6474517862989 214.78631730367
 0.888 416.0755090713562 213.5963122142099
 0.89 415.3568567705416 213.0346972636473
 0.892 415.2262778655103 212.6440271826248
 0.894 414.5336873961839 212.0758576359676
 0.896 414.0680269137589 211.7777469894377
 0.898 413.0874601079548 211.1055922167064
 0.9 412.9889692555773 210.9002872024552
 0.902 411.795545990153 210.1183029251781
 0.904 410.0954222777941 208.7444723278685
 0.906 410.0567869624309 208.8237607921447
 0.908 409.571214779973 208.3406731312828
 0.91 408.5081387031882 207.4394513006168
 0.912 408.2804178046986 207.2493214254069
 0.914 407.701590365879 206.5623807013721
 0.916 406.9408068237053 205.9756613913804
 0.918 406.2920910192776 205.216305304926
 0.92 405.2566810646738 204.5863609741356
 0.922 404.5323679233376 203.7741144700764
 0.924 403.7333312572629 203.1408134143878
 0.926 403.3865261116429 202.7441676461914
 0.928 402.5553878894992 202.1714990294486
 0.93 402.0359205821263 201.7859543243787
 0.9320000000000001 401.8406871555982 201.5834722087542
 0.9340000000000001 401.0676281498036 201.0182301491934
 0.9360000000000001 400.1243093453781 200.1971187626526
 0.9380000000000001 399.7524930396828 199.8798806541436
 0.9400000000000001 399.1069150638297 199.4059955104862
 0.9420000000000001 398.5124254886646 198.9975241717949
 0.9440000000000001 397.8541136850735 198.1846073210201
 0.9460000000000001 396.4795143109111 197.2299102436282
 0.9480000000000001 395.7536729191671 196.4768126520307
 0.9500000000000001 395.4661967443681 196.3265427523137
 0.9520000000000001 394.5221110957374 195.4204211488191
 0.9540000000000001 394.1996473638924 195.1263712542506
 0.9560000000000001 393.0129732318771 194.1118044003867
 0.9580000000000001 392.1196444154317 193.502359829773
 0.96 391.5063196453061 192.8633597873616
 0.962 390.3270780085983 191.9038991968926
 0.964 390.0406426387364 191.5335322412426
 0.966 388.8910200863338 190.5318504696026
 0.968 388.2595680995018 189.766838349948
 0.97 387.9008911785995 189.3738419358305
 0.972 387.389215289779 189.1373030558587
 0.974 387.5568306085197 189.4394856162066
 0.976 386.5305480970051 188.6094563067608
 0.978 385.5862434890667 188.1340035402902
 0.98 384.5603007334122 187.0055034391006
 0.982 383.4358571987257 186.1791244588412
 0.984 382.7133635535196 185.7622179697564
 0.986 381.7874721330551 185.0243020008504
 0.988 381.4812458613686 184.7319668145135
 0.99 380.6667444896262 184.2655136819255
 0.992 380.5745832284082 184.0516783126397
 0.994 379.8071415403204 183.5884174674828
 0.996 378.6455464209163 182.5443905677889
 0.998 377.9147591972864 182.0825234762318
 1 376.7018723909177 181.3995094939126
 1.002 376.1154420821516 181.0446851719495
 1.004 375.2997575904431 180.5285587900136
 1.006 374.0381202310654 179.5388744865823
 1.008 373.0052079310927 178.8981654839071
 1.01 372.4667419098315 178.6699925441035
 1.012 371.8832105429574 178.3870527067333
 1.014 371.1835560904391 177.5823676195314
 1.016 370.5581506717892 177.1945083592695
 1.018 370.0799326376871 176.6304812656224
 1.02 369.4481385857654 176.1059613501609
 1.022 368.9436157052116 176.0068170549143
 1.024 367.533227767573 175.0047058691064
 1.026 366.7582156990845 174.3663942379015
 1.028 366.1493916447335 174.1958416046315
 1.03 365.5794226834743 173.5614760004123
 1.032 364.6115506794704 172.8354911167216
 1.034 364.4223791925849 172.7643295552967
 1.036 363.81664132309 172.5593933953992
 1.038 363.653413674071 172.4629481465435
 1.04 363.1448901424544 171.9208340222957
 1.042 362.5230265818413 171.5585087159373
 1.044 362.0654190419248 171.170473896288
 1.046 361.3088109430237 170.6526203979845
 1.048 359.4492982161443 169.1669927454725
 1.05 358.9411530124876 169.098326373016
 1.052 358.1507729468063 168.7840452476288
 1.054 357.09482338122 168.0822367050534
 1.056 356.9992059718892 167.8990027422028
 1.058 356.2097165053428 167.4928146766343
 1.06 355.949039554181 167.0962609113647
 1.062 355.3731671586564 166.9971197076521
 1.064 354.7803388226525 166.2201807515345
 1.066 353.9363639372762 165.7185033308491
 1.068 353.4701233903556 165.2937442801517
 1.07 352.7364015134612 164.4939898692574
 1.072 352.4603193468512 164.0928789703723
 1.074 351.6154141922515 163.4233327719295
 1.076 352.0049342059392 164.1291669962584
 1.078 350.7008136626529 163.4474030600083
 1.08 350.7685040683768 163.5437650652048
 1.082 350.340438915095 163.1037815027067
 1.084 349.1007219015873 162.0318679359258
 1.086 348.6573821408012 161.9182747594619
 1.088 348.0945164605271 161.5634151195589
 1.09 347.7069633021159 161.5935037217049
 1.092 347.0823952943429 161.2691357299277
 1.094 346.8613486107725 161.3786755079313
 1.096 345.938936255904 160.9144117621185
 1.098 344.6384332344826 160.1257264947271
 1.1 343.8492403371934 159.951213643601
 1.102 342.4800495928938 159.1701361410759
 1.104 341.6951731128175 158.861819626273
 1.106 341.1805197452086 158.4035202690208
 1.108 340.6614812662453 157.8691731562783
 1.11 339.7717655036156 157.2272909222207
 1.112 338.5902379232674 156.3032288515104
 1.114 337.8385427095446 155.8577690293737
 1.116 337.1433108647392 155.313398076066
 1.118 336.1924348853437 154.4586812643572
 1.12 335.7794627275615 154.2137184699032
 1.122 335.2886124322569 153.8579574319958
 1.124 334.8936101576442 153.9561389082092
 1.126 333.9175970067609 153.519503051077
 1.128 332.6098943063707 152.5036110557637
 1.13 331.3630779175054 151.7027125506185
 1.132 330.2489318511704 151.0520495555357
 1.134 329.8929190192242 150.7467094122488
 1.136 329.3182584892904 150.2851257143783
 1.138 327.7803869272626 149.154203169604
 1.14 327.8954438818539 148.9643160730379
 1.142 327.5196154916509 148.8000557435481
 1.144 326.6236060076761 148.0433818600995
 1.146 325.3794694752145 147.488668603977
 1.148 324.3558008126336 146.7345854403976
 1.15 323.5232216876744 146.2487700479495
 1.152 323.1262305956276 145.6613455378019
 1.154 322.7326879910687 145.7545597801423
 1.156 321.8590376548353 145.5324851157015
 1.158 321.4034995825845 145.0073361672191
 1.16 321.0638121822581 144.7035575220238
 1.162 321.0313609297469 144.918666986282
 1.164 320.6385649337626 144.5982387413694
 1.166 319.6691431974889 143.8678960357423
 1.168 318.6269591931848 143.3918154535566
 1.17 318.1946451362302 143.1346154478353
 1.172 317.3316922049847 142.2203918111406
 1.174 316.6503646555049 142.0135219543103
 1.176 314.885374142455 140.7908410848324
 1.178 313.808434784512 140.2985442525671
 1.18 312.9320567331999 139.850032381902
 1.182 312.2260588807681 139.498439085909
 1.184 311.8603272443868 139.1694288958545
 1.186 310.5106351719693 138.3863653487068
 1.188 310.0921986521504 138.1589383388659
 1.19 309.5879215004807 137.8810663076262
 1.192 308.8493631891636 137.5317044029317
 1.194 308.0293484093369 137.1314555093626
 1.196 307.5636650013276 136.8885403419566
 1.198 307.9445719519216 137.3308465961826
 1.2 307.2396516125132 137.0907879473159
 1.202 306.2778473567166 136.4415134370377
 1.204 305.3766104812084 135.8925046731046
 1.206 304.8480050937281 135.414890334757
 1.208 304.4357786030304 135.2042845614065
 1.21 304.146201871826 135.1710319049156
 1.212 304.294416640368 134.9032876844267
 1.214 303.8864097411406 134.5269148088541
 1.216 303.4368799405875 133.9675315907599
 1.218 302.3799311045842 133.4815577444343
 1.22 300.9962171695742 132.5145754475456
 1.222 300.2938240725141 132.2578380688137
 1.224 299.6374849724083 131.8646968067491
 1.226 298.7365431191722 131.4666670599513
 1.228 297.4055910994252 130.7531075934895
 1.23 297.2072266521774 130.8565831232544
 1.232 296.2312870929548 130.4490458173186
 1.234 295.572096193034 129.997073398899
 1.236 295.2598963615214 129.923967539065
 1.238 294.3539075140876 129.27033767995
 1.24 293.8119223693852 128.7884656752386
 1.242 292.8596139703971 128.2744916536411
 1.244 291.4684792756049 127.3695772597546
 1.246 291.3640698849776 127.2159054878954
 1.248 290.1071957199596 126.5379323142758
 1.25 289.1675512897057 125.7219989405501
 1.252 288.9809213241917 125.6758439722714
 1.254 288.2329852056175 125.3827180276119
 1.256 287.5516840358752 124.9059978480506
 1.258 286.709866645506 124.2671521727795
 1.26 286.2592182326795 123.7918202854781
 1.262 285.5390370921031 123.3162324668855
 1.264 285.1488905684014 122.867581684984
 1.266 285.2343483081696 122.994572760977
 1.268 284.7766412506813 123.0542963067962
 1.27 284.3029528663184 122.4438565478599
 1.272 284.1864847932212 122.3875884232737
 1.274 284.2745276370942 122.1663736137093
 1.276 283.8835816858821 121.9884792207404
 1.278 283.3821624931286 121.706331801794
 1.28 282.6254758289136 121.0932447511469
 1.282 282.171101814141 120.7809112831472
 1.284 280.7037890242381 120.0117635927285
 1.286 279.9489650989933 119.4960045022119
 1.288 279.9703996014549 119.4862429723059
 1.29 280.2953772940866 119.6119674073215
 1.292 280.0779494423263 119.4599233559812
 1.294 280.0907147727049 119.0385622625248
 1.296 278.8972679332987 118.4956168437201
 1.298 278.2461078015278 118.4122379020961
 1.3 277.6358093719384 118.077860916394
 1.302 277.0808250912273 117.8309315385865
 1.304 276.8381341658121 117.6734159393231
 1.306 275.909547980001 117.219953473385
 1.308 275.6573391131653 117.1979076939065
 1.31 275.3368402332354 117.0821610212839
 1.312 273.5801929747645 116.1894104568938
 1.314 273.250528010878 116.111077223793
 1.316 272.9848508849714 115.9783355713676
 1.318 273.1100639572107 116.1268632097495
 1.32 272.449984254207 116.0620218206633
 1.322 271.7138041476017 115.6308483447424
 1.324 271.2478409866197 115.1857924345772
 1.326 270.6622490576887 115.1153554850547
 1.328 269.8651591594328 114.7133964504089
 1.33 269.7405721315637 114.4385980031861
 1.332 268.2021179311211 113.6280060975297
 1.334 268.2781778751867 113.7570670679764
 1.336 266.9901711482914 113.0390566712992
 1.338 266.1164028172718 112.7422990350821
 1.34 266.0861277542136 112.6028849817353
 1.342 265.7885471548249 112.4421716219545
 1.344 264.8457575413242 111.8741572996503
 1.346 264.5107672548893 111.852183904328
 1.348 263.1566960319345 111.1932709609385
 1.35 262.8338296354274 110.8666876962931
 1.352 261.4577071938858 109.7020985567208
 1.354 260.5218075215566 109.0998015268999
 1.356 258.9140613468381 108.1972399355323
 1.358 258.8745760618889 108.3611491187502
 1.36 258.3746990235347 107.9667463582011
 1.362 258.3984803124732 108.1362212544347
 1.364 257.6075849644883 107.8241536991761
 1.366 256.6436731158212 107.4350279748735
 1.368 256.6335333500459 107.8101420736697
 1.37 256.1073077602761 107.7177843051726
 1.372 254.5200221308208 106.8888472230581
 1.374 253.8844537549437 106.7948510182898
 1.376 253.4408678737249 106.5994823880405
 1.378 252.6483404792369 106.1959838898202
 1.38 252.5173395492294 105.9261208724383
 1.382 251.3323357912186 105.1556146734446
 1.384 250.6044818730849 104.9996047776528
 1.386 250.0524269679387 104.7774900306257
 1.388 249.1874944755884 104.4050749180538
 1.39 249.0504618426831 104.1244402891163
 1.392 248.7809422637677 104.0716743440826
 1.394 247.656620418168 103.518644526863
 1.396 246.8868316909758 103.069467407736
 1.398 246.8895131431026 102.9679662635067
 1.4 245.868003585505 102.5366190693496
 1.402 244.9340374097831 102.0420411032939
 1.404 244.6159052595365 101.9415507490155
 1.406 243.749323488691 101.2541442159492
 1.408 243.1863372007974 100.9582000399992
 1.41 243.3294003584626 101.0309910081483
 1.412 243.0293106667805 100.9637137652838
 1.414 242.6393224262951 100.9408923311592
 1.416 241.1625210643081 100.4139045828447
 1.418 241.0199160005994 100.2453753950884
 1.42 241.3280301465492 100.4027933825503
 1.422 241.013391285602 99.98012777350816
 1.424 240.8037000231903 100.0840346868189
 1.426 239.7376353363429 99.6232645994743
 1.428 238.8645802574824 99.16667883786934
 1.43 238.4696063729027 99.02450975906913
 1.432 237.7374741267862 98.43587156247358
 1.434 236.9299762917001 98.27529425078603
 1.436 236.7512878239738 98.27700393714406
 1.438 237.0563145747634 98.34505704830337
 1.44 237.1782357349555 98.233257307898
 1.442 237.1820106184773 98.19345130299632
 1.444 236.2682794935293 97.80009217928269
 1.446 235.2443539321645 97.40729574174652
 1.448 234.3735624772552 97.31592652801103
 1.45 234.2665075506083 97.51190685728325
 1.452 234.8243261739679 97.62872487710986
 1.454 234.0657555385178 97.11783215205242
 1.456 233.6753371790524 96.56476403367108
 1.458 232.9426325098102 96.26450467023625
 1.46 232.6754723607931 96.10804845710359
 1.462 231.6858152752273 95.60912002219878
 1.464 230.6298746696488 95.15554468383431
 1.466 230.2056212131631 95.25702484899101
 1.468 229.8721446790116 94.92713611029539
 1.47 229.2866534662624 95.11636175796947
 1.472 228.9707064265835 94.9930762890789
 1.474 228.540531400039 94.93256978192036
 1.476 228.1508156905181 95.07242917463985
 1.478 227.6291350742425 94.88715928842744
 1.48 227.9120134783678 94.9559985769818
 1.482 227.3440658046652 94.69871291278871
 1.484 227.182767120602 94.51070122363221
 1.486 226.6884064900694 94.10048834389758
 1.488 226.4682510191898 94.18891258578779
 1.49 226.0625315643406 93.97730494798058
 1.492 225.9526167139597 93.66531728927778
 1.494 225.5275505144953 93.19065183951518
 1.496 225.8390479025275 93.48037864432344
 1.498 225.2802801556722 93.39781359444039
 1.5 224.7789424103019 93.08000248459346
 1.502 224.8293490212007 93.4222791869978
 1.504 224.0907422555792 92.84830864823363
 1.506 223.7546546837479 92.39331281211705
 1.508 223.419278665493 92.14255188488131
 1.51 223.200610278803 92.13314941577508
 1.512 223.0441740543054 92.20676947758801
 1.514 222.2096450575542 91.86291997259478
 1.516 221.6924614059278 91.65253360402689
 1.518 221.4145078395373 91.60893855702453
 1.52 221.3018189023041 91.53048890053707
 1.522 221.090761006138 91.78693236396475
 1.524 220.1603658111318 91.80668376354009
 1.526 218.8764462083952 91.26252405908728
 1.528 218.8623455397104 91.06555252566201
 1.53 217.6162689876174 90.41345941705482
 1.532 216.8011387411295 90.05423648617293
 1.534 216.5986389257835 89.84750375484681
 1.536 215.7231023301668 89.78088955892598
 1.538 214.7957380849149 89.45680016456633
 1.54 215.1088967713436 89.57039167233764
 1.542 215.0951483565821 89.56597645886229
 1.544 214.6472533271026 89.45522513291853
 1.546 214.3625121637311 89.52865517291528
 1.548 214.3791277446024 89.51026056499289
 1.55 213.1235937060076 89.03365239094235
 1.552 213.3412762582124 89.30225523981171
 1.554 213.4129465440394 89.31651597924287
 1.556 212.326524425135 88.98172785318025
 1.558 212.406379510166 88.96319038007238
 1.56 212.4900681960625 89.49561216024517
 1.562 212.1091680951346 89.23906927840027
 1.564 211.8345912792697 88.99664089654681
 1.566 210.8273032737203 88.77030891549258
 1.568 210.7037233649415 88.75593328453223
 1.57 209.737321740201 88.26519757022197
 1.572 209.7143237789309 88.27488819023817
 1.574 209.1816991681937 87.95693787594584
 1.576 209.0492807712185 88.04612075055769
 1.578 208.3661196862226 88.33288136969236
 1.58 207.8736177560274 88.0560660689155
 1.582 207.5392588693928 87.73755702317271
 1.584 206.5847890512847 87.30689410210805
 1.586 205.7610797336692 87.1506747772147
 1.588 205.7534957767507 87.13108043481922
 1.59 205.1807076402056 86.97226854815314
 1.592 204.4845280216097 86.87567330802339
 1.594 204.0052154299496 86.65300379312006
 1.596 203.9105968054591 86.37382386873747
 1.598 203.7199146646142 86.37275927381931
 1.6 203.4802903864134 86.12933687890236
 1.602 203.4475509791382 86.10845934204175
 1.604 202.9645199956931 85.90033820899824
 1.606 202.6972079759359 85.87439153637096
 1.608 202.1737392464272 85.95025406559128
 1.61 201.4900364918549 85.42693149876926
 1.612 201.2137464279414 85.18369409026394
 1.614 200.4690592800342 84.75515818188586
 1.616 199.8638860000959 84.72629338523704
 1.618 199.4256525655483 84.49449327513256
 1.62 198.7679155395706 84.40100694692504
 1.622 198.3726640817557 84.31697212259601
 1.624 197.9241678202493 83.91695137714491
 1.626 198.0427627943431 84.01819870726331
 1.628 197.1961387786203 83.90757184059014
 1.63 196.7356815575527 83.9433461559131
 1.632 196.3153424591824 83.92445562123187
 1.634 195.9860443078885 83.95270494783348
 1.636 195.020746023454 83.41299949806306
 1.638 194.4136702479818 83.53783310725819
 1.64 194.1350563532796 83.59374110680456
 1.642 193.5965328617669 83.07938929798947
 1.644 193.2461448831152 82.86868806476204
 1.646 192.509319141758 82.74021958050371
 1.648 192.1489731742473 82.50165411389349
 1.65 191.7530499178006 82.3710735208835
 1.652 192.3192155561271 82.42827590706229
 1.654 192.2154207056395 82.15945614662128
 1.656 192.1270996652026 82.20626000224669
 1.658 191.8308738581368 81.84200420678975
 1.66 191.718987259564 82.19297740897902
 1.662 191.928696151576 82.09662509002243
 1.664 190.9041391508188 81.8097234407287
 1.666 190.3968114612767 81.6661513562851
 1.668 190.5161362508437 81.81770695193462
 1.67 190.6499742457685 81.9010232264818
 1.672 190.7949612834222 81.90154980753167
 1.674 190.6806173646647 81.79528660987408
 1.676 189.6100641996919 81.56682126930384
 1.678 189.2359835863239 81.53552290458035
 1.68 188.6478625895365 81.24873582259957
 1.682 188.2031408718802 81.08419857644745
 1.684 187.0381042233637 80.70309019960452
 1.686 187.530115159419 80.98405930295655
 1.688 187.8363799574417 80.85547598063697
 1.69 187.9524218528546 80.69697625630855
 1.692 186.7635492608117 80.32991873828516
 1.694 186.500564228949 80.21578563390577
 1.696 185.6141836681237 79.99904234840515
 1.698 185.4251747707511 80.00073621341433
 1.7 185.1305950638756 79.60369776406911
 1.702 184.1729499608897 79.09143916159404
 1.704 183.4079143371125 78.91983459646612
 1.706 184.1826984938086 79.23634353991274
 1.708 182.8131436564914 78.62209241022106
 1.71 182.0447447740195 78.33153168224479
 1.712 181.5639792717427 78.31536401440701
 1.714 180.8743582627925 78.10142147133918
 1.716 180.8037993921824 77.82649040514001
 1.718 180.77332068548 77.90818142616811
 1.72 181.0769172378092 77.92881441024483
 1.722 180.4773388430529 77.65152034188529
 1.724 180.4899559603047 77.22809290932464
 1.726 180.5990679848417 77.37813551302027
 1.728 180.3610716278092 77.12840584955757
 1.73 180.620937360188 77.07002168246791
 1.732 180.5169108694114 76.81403829346462
 1.734 180.1962489123742 76.65070006934086
 1.736 179.4292303891243 76.63834448312572
 1.738 178.769498452442 76.61089435489399
 1.74 178.3340160037931 76.70402048341555
 1.742 177.3315539840888 76.49519093769888
 1.744 176.8621773612128 76.52440444453438
 1.746 176.6106811037954 76.48635284461578
 1.748 175.8079145796121 75.98185464767434
 1.75 175.6239930630516 75.61372930091457
 1.752 174.651302921319 75.33246211658133
 1.754 174.5722077381662 75.49000139863871
 1.756 174.6308658074257 75.43420233343424
 1.758 174.3788177747428 75.05207498236803
 1.76 174.1311307031694 74.85896165633137
 1.762 174.7954038910634 75.01082854921034
 1.764 173.9252992516869 74.43968299151031
 1.766 174.3133473994357 74.2620271368807
 1.768 173.6259222786412 74.04432744161028
 1.77 173.2691326110395 74.12930565127637
 1.772 172.8486554473116 73.68937667283181
 1.774 172.0261597216801 73.16670767059463
 1.776 171.516757885481 72.97586205295087
 1.778 171.1118561609494 72.92575784881393
 1.78 170.258349799348 72.71582982661715
 1.782 170.3418311480941 72.78202865879969
 1.784 169.6667636838604 72.65375516398764
 1.786 169.7571877720138 72.68256430837341
 1.788 169.2875948962861 72.68174072854863
 1.79 168.82738147078 72.59515488287312
 1.792 168.6325623388224 72.73547069370163
 1.794 167.6930293475577 72.14708293112416
 1.796 167.0113477969065 72.00373808150644
 1.798 166.2142077638515 71.53920903566795
 1.8 165.7531411010977 71.37606441673785
 1.802 165.7487622415051 71.18196985914501
 1.804 165.1682222195952 71.31762308564198
 1.806 165.3280353596329 71.5322685617618
 1.808 164.6914674019728 71.73234342403411
 1.81 164.9403257348817 71.93396466367474
 1.812 164.4379723894461 71.87727795397917
 1.814 163.8383865663075 71.87323235375966
 1.816 164.0927848108838 72.07061714837356
 1.818 164.1886595236061 72.22601077573499
 1.82 164.5880272249837 72.39369062502369
 1.822 164.6227757367293 72.43222920810628
 1.824 164.5571778486163 72.46438155385059
 1.826 163.916536875054 72.29414858700072
 1.828 164.0822840172205 72.31788270258251
 1.83 163.1706923583638 71.67987667795774
 1.832 163.1165246105447 71.88309118511795
 1.834 162.4092834467826 71.58351012746101
 1.836 162.5508271192394 71.37189436918101
 1.838 162.4714141817786 71.30468774280972
 1.84 162.5728170037752 71.6244605277944
 1.842 162.4294219566839 71.84051552686621
 1.844 162.1870169559982 71.64678197084096
 1.846 161.848824319208 71.36344643028148
 1.848 160.4142150998254 71.27051491190932
 1.85 159.6875533982866 71.10036341363892
 1.852 159.0988888676919 70.93965978229937
 1.854 158.9270846888846 70.80582280207756
 1.856 158.8909542153868 70.87287605321943
 1.858 158.6351845189194 71.13428970410531
 1.86 157.8193837970397 70.7726511305453
 1.862 157.9497902959217 70.83423614976081
 1.864 157.6545817010685 70.53941981203039
 1.866 157.3084443680034 70.21483091776467
 1.868 157.0679802097122 70.20931953679579
 1.87 156.9342977900982 69.99843360486435
 1.872 156.7285832745661 69.79177343505965
 1.874 156.464803146835 69.57349084268471
 1.876 155.8862706787218 69.27797049690848
 1.878 155.4788516931834 69.12770831167647
 1.88 155.3159544653932 69.05026772083039
 1.882 154.8366063952052 68.99764021608546
 1.884 154.7481195480376 69.08261457270676
 1.886 153.9087177875006 68.95814348680685
 1.888 152.7770417317134 68.64377963567924
 1.89 152.5408419246552 68.493163004857
 1.892 152.2300056491437 68.49569573528352
 1.894 151.3826889383294 67.96583249334583
 1.896 150.2697287226227 67.86311652061742
 1.898 150.4489487988548 67.67419310347481
 1.9 149.5896455520901 67.10917768088943
 1.902 149.0653292401182 66.7775845416123
 1.904 149.3341547896198 66.98527597515363
 1.906 148.7069882751467 66.77483814963404
 1.908 148.3526706343736 66.46411512517663
 1.91 148.3186436218346 66.50203957732623
 1.912 148.1819326223473 66.37392556856139
 1.914 147.7583126589502 66.13390428558442
 1.916 147.3303789241802 66.21462259854749
 1.918 146.7125613162497 65.86666434460525
 1.92 146.4923122056198 65.7891221087375
 1.922 146.366855117833 65.78326454685646
 1.924 146.3057465745297 65.79641046791878
 1.926 145.5423162463311 65.674736790795
 1.928 145.1095720462994 65.54028637906167
 1.93 145.0148959069198 65.57351761926455
 1.932 145.3591567728962 66.24781515641556
 1.934 145.0372148585345 66.12063772814223
 1.936 145.1202677440147 66.06568063467846
 1.938 144.8352603136076 66.02400872517252
 1.94 144.7051928180657 66.25754195402307
 1.942 144.38322812996 65.98467686419491
 1.944 144.7246838304951 65.86898432424445
 1.946 144.5699919853777 65.67463776996661
 1.948 144.134344906902 65.54263590451812
 1.95 143.8477330456331 65.08831969417859
 1.952 143.4867546751327 65.01444206908653
 1.954 142.8330794721828 64.95942751401083
 1.956 142.7427396562026 64.82598464703183
 1.958 142.2109819015463 64.51448348855779
 1.96 141.4160968047727 64.37878501273197
 1.962 140.9904069029463 64.16368930865234
 1.964 140.0184134730511 63.90955492506399
 1.966 140.2723599927915 64.03340757057599
 1.968 140.4687379632867 64.09288518427412
 1.97 140.7392838283796 64.27022567621229
 1.972 140.7070429063292 64.29869918595521
 1.974 140.67081972587 64.20848348568136
 1.976 140.6977650563876 64.40697206861857
 1.978 140.5783222929902 64.47072205117003
 1.98 140.2513260412957 64.51517551981503
 1.982 139.7607900348239 64.53855452858647
 1.984 139.3511027033745 64.51725005412334
 1.986 138.2118027967486 64.29551980718811
 1.988 137.8844430831165 64.14625277615247
 1.99 138.8793395639423 64.09772485992893
 1.992 138.0115724972617 63.72257013864519
 1.994 137.7260149692302 63.45819795038214
 1.996 137.2834709770202 63.35403903729983
 1.998 137.6993015121856 63.26940371638135
 2 137.16544799351 63.19160686499684


